1495012
1495064
1495019
1494872
1495187
1495152
1495124
1494946
1495204
1495132
1495053
1495028
1495097
1495038
1495073
1494947
1495083
1494847
1494842
1495055
1495031
1494880
1494791
1494836
1494800
1494788
1494942
1494874
1494828
1494905
1494939
1494991
18058584
1495021
1495066
1494910
1495004
1495014
1494884
1494814
1494914
1494895
1494846
1494842
1494899
1494789
1495076
1494721
1494779
1494798
1494712
18058316
1494909
1494675
1494662
1494642
1494738
1494640
1494637
1494713
1494608
1494709
1494746
1494697
1494751
1494601
1494741
1494716
1494626
1494714
1494455
1494451
1494434
1494673
1494748
1494528
1494366
1494376
1494230
1494648
1494446
1494564
1494534
1494404
1494455
1494487
1494441
18054105
1494375
1494424
1494333
1494265
1494233
1494357
1494359
1494310
1494313
1494250
1494323
1494296
1494389
1494342
1494252
18058112
1494345
1494338
1494282
1494312
1494279
1494233
1494307
1494278
1494144
1494261
1494211
1494399
1494299
1494258
1494370
1494230
1494260
1494151
18057793
1494106
1494120
1494268
1494254
1494207
1494180
1494173
1494202
1494081
1494099
18057922
1494189
1494126
1494196
1494043
1494053
1494164
1494193
1494105
1493971
1494278
18057900
1493934
1493997
1494034
1494006
1494014
1493979
1494137
18057855
1493998
1493996
1493990
1493954
1493989
1494058
1493801
1493869
1494026
1494043
1493999
1493896
1494025
18057736
1493981
1493818
1493899
1493788
1493886
1493834
1493719
1493786
1493817
1493849
1493742
1493901
1493937
1494097
1493758
1493942
1493719
1493776
1493761
1493788
1493817
1493673
1493846
1493792
1493592
1493841
1493898
1493815
1493773
1493543
1493766
1493867
1493753
1493701
1493745
1493721
1493651
1493763
1493779
1493829
1493787
1493714
1493751
1493931
1493847
1493755
1493725
1493746
1493684
1493811
1493868
1493939
1493949
1493903
1493841
1493867
1494152
1493990
1493994
1494111
1494047
1494187
1494332
1494108
1494217
1494154
1494140
1494350
1494137
1494188
1494234
1494287
1494408
1494529
1494403
1494484
1494418
1494630
1494551
1494307
1494420
1494247
1494371
1494306
1494480
1494619
1494502
1494520
1494703
18050182
1494627
1494549
1494594
1494519
18058419
1494704
1494706
1494665
1495012
1494785
1494909
1494703
1494827
1494770
1494832
1494842
1494960
1494776
1494846
1495031
1495015
1495057
1495010
1495119
1495096
18058627
1494890
1494923
1495002
1494890
1494954
1494872
1494991
1495048
1495184
1495111
1494987
1495079
1495081
1495229
1495223
1495305
1495208
1495210
18058870
1495207
1495252
18059020
1495336
1495276
1495079
1495331
1495353
1495363
1495393
1495388
1495530
1495569
1495628
1495413
1495252
1495500
1495286
1495421
1495540
1495509
1495689
1495666
1495703
1495917
1495685
1495648
1495736
1495590
1495809
1495856
1495885
1495845
1495932
1495974
1496116
1495979
1495981
18059636
1496008
1496256
1495989
1496308
1496523
1496352
1496705
1496436
1496532
1496680
1496741
1496668
1497030
1496931
1497165
1496894
1496803
1496968
1496726
1496813
1496963
1496945
1497019
1496876
1496980
1497030
1497178
1497302
1497101
1497104
1497190
1497057
1497234
1497045
1497286
1497335
1497382
1497395
1497630
1497447
1497540
1497518
1497590
1497573
1497555
1497536
1497612
1497544
1497388
1497660
1497649
1497669
1497794
1497765
1497636
1497898
1497732
1497726
1497700
1497865
1497841
1497712
1497744
1497865
1497888
1497922
1498396
1497844
1498358
1498146
1498210
1497955
1498133
1498480
1498227
1498175
1498224
1498624
1498421
1498384
1498450
1498574
1498303
1498491
1498431
1498662
1498838
1498417
1498829
1498538
1498315
1498499
1498642
18061762
1498731
1498627
1498426
1498594
1498809
1498635
1498786
1498809
1498825
1499397
1500261
1505090
1510774
1520004
1525704
1534075
1541124
1546347
18105770
1554025
1554595
1555983
1557046
1557627
1558004
1558722
1559301
1559200
1559399
1559250
1559297
1559626
1559554
1559034
1557750
1558718
1558728
1558170
1558003
1558204
1557828
1556932
1558013
1557448
1557832
1558494
1558472
1558720
1558929
1558504
1558810
1559126
18113785
1559238
1559780
1559102
1559243
1559533
1559254
1559555
1559470
1559502
1559506
1559539
1559618
1559524
1559234
1559244
1559416
1559161
1559331
1559445
1559438
1559563
1559465
1559227
1559258
1559236
1559048
1559393
1559120
1559198
1559389
1559561
1559140
1559743
1559262
1559583
1559305
1559340
1559199
1559536
1559060
1558986
1559028
1558501
1558936
1558911
1559213
1559254
1558832
18113552
1559379
1559083
1558955
1558961
1559240
1558896
1559254
1558887
1558963
1558849
1558956
1559390
1559601
1558852
1559330
18113521
1559110
1558997
1559356
1559182
1559072
1559001
1559396
1559498
1559008
1559165
1559870
1559323
1558981
1559262
1559261
1559059
1558950
1558971
1558594
1558982
1558041
1558947
1559026
1558488
1557909
1556761
1556193
18110387
1554436
1551777
1549131
1542022
1537215
1528935
1521167
1513080
1507405
1502750
1499999
1499155
1498855
1498749
1498776
1498584
1498798
1498640
1498704
1498986
1498813
1498735
1498732
1498689
1498799
1498474
1498341
1498738
1498305
1498502
1498484
1498563
1498625
1498551
1498832
1498569
1498671
1498388
1498504
1498564
1498559
1498642
1498687
1498729
1498918
1498649
1498619
1498829
18061846
1498700
1498537
1498736
1498396
1498382
1498466
1498551
1498603
1498463
1498267
1498530
1498347
1498489
18061703
1498378
1498428
1498587
1498568
1498645
1498604
1498688
1498578
1498335
1498251
1498162
1498422
1498324
1498127
1498490
18061396
1498098
1498253
1497956
1498112
1497844
1498119
1498228
1498319
1498320
1498241
1498147
1498181
1497963
18061351
1497893
1497950
18060698
1497895
1497716
13920378
1497832
1497660
1497734
1497614
1497529
1497704
1497564
1497543
1497618
1497831
1497779
1497756
1497563
1497528
1497695
1497667
1497662
1497472
1497997
1497908
1497827
1497740
1497767
1497673
1497439
1497661
1497522
1497746
1497680
1497460
1497550
1497691
1497902
1497607
1497658
1497375
1497646
1497539
1497644
1497840
1497642
1497615
1497476
1497672
1497632
1497636
1497648
1497529
1497896
1497867
1497833
1497711
1497592
1497679
1497757
1497811
1497493
1497617
1497667
1497773
1497643
1497461
1497657
1497631
1497616
1497627
1497738
1497359
1497601
1497650
1497577
1497636
1497588
1497870
1497759
1497747
17996127
1497642
1497629
1497588
1497878
1497636
1497775
1497716
1497586
1497836
1497692
1497878
1497763
1497843
1497774
1497922
1498030
1497928
1497831
1497825
1497700
1497695
1497644
1497828
1497608
1497783
1497719
1497780
1497867
1497982
1497932
1497828
1498044
1497767
1497699
1497919
1497858
1497860
1497828
1497802
1497710
1497897
1497928
1497748
1497880
1497778
1497751
1497765
1497833
1497629
1497573
1497600
1497765
1497769
1497695
1497463
1497604
1497632
1497716
1497664
1497634
1497775
1497691
1497755
1497682
1497457
1497470
1497498
1497751
1497619
1497550
1497608
1497596
1497585
1497714
1497654
1497725
1497827
1497666
1497810
1497804
1497724
1497800
1497791
1497764
1497783
1497859
1497741
1497702
1497807
1497819
1497697
1497676
1497663
1497546
1497742
1497608
1497755
1497672
1497487
1497645
1497627
1497458
1497638
1497772
1497559
1497643
1497537
1497574
1497464
1497497
1497554
1497452
1497396
1497662
1497534
1497441
1497359
1497673
1497364
1497586
1497515
1497499
1497553
1497353
1497498
1497497
1497434
1497628
1497351
1497581
1497518
1497612
1497446
1497399
1497630
1497254
1497420
1497445
18060703
1497265
1497310
1497258
1497438
