213672.14285714287
213665.14285714287
213667.14285714287
1396775.5714285714
213665.2857142857
213670.42857142858
2579869.5714285714
213688.42857142858
213668.57142857142
213681.85714285713
213677.42857142858
213659.57142857142
213672.57142857142
213661.42857142858
213647.0
213645.85714285713
2579887.1428571427
213645.7142857143
213658.7142857143
213642.0
213638.85714285713
213637.14285714287
213662.7142857143
213616.2857142857
213665.2857142857
213633.85714285713
213647.85714285713
213623.0
213635.0
213606.0
213645.42857142858
213638.0
213631.85714285713
213650.42857142858
213614.7142857143
213624.85714285713
213612.85714285713
213639.2857142857
213614.42857142858
213615.0
213629.2857142857
213609.85714285713
213634.14285714287
213602.14285714287
213603.14285714287
213606.7142857143
213620.57142857142
213621.0
213630.57142857142
213606.85714285713
2579845.285714286
213625.85714285713
213628.57142857142
213621.57142857142
213632.7142857143
213638.57142857142
213603.7142857143
2579847.0
213610.7142857143
213611.42857142858
213610.0
213613.14285714287
213634.2857142857
213594.42857142858
213619.2857142857
213609.42857142858
213628.14285714287
213606.2857142857
213613.57142857142
213609.85714285713
213609.7142857143
213615.14285714287
213594.2857142857
213628.7142857143
213602.42857142858
213603.85714285713
213585.14285714287
213609.85714285713
213607.0
213578.14285714287
213602.14285714287
213592.2857142857
213606.0
213595.14285714287
213608.0
213605.85714285713
213609.7142857143
2579806.714285714
213591.0
213613.42857142858
213589.42857142858
213579.0
213592.2857142857
213582.14285714287
213587.42857142858
213585.42857142858
213591.85714285713
213587.57142857142
213586.85714285713
213548.2857142857
213606.14285714287
213574.42857142858
213579.14285714287
213565.0
213576.2857142857
213574.7142857143
213565.14285714287
213573.7142857143
213574.42857142858
213549.85714285713
213579.2857142857
213541.7142857143
213578.2857142857
213542.42857142858
213589.0
213562.0
213572.57142857142
213569.57142857142
213559.57142857142
213567.85714285713
213523.7142857143
213539.57142857142
213567.14285714287
213531.14285714287
213575.2857142857
213540.42857142858
213540.0
213559.14285714287
213547.57142857142
213555.2857142857
213557.0
213563.57142857142
213587.7142857143
213568.42857142858
213574.0
213547.0
213547.57142857142
213547.7142857143
213561.42857142858
213566.57142857142
213570.2857142857
213573.14285714287
213553.0
213560.2857142857
213570.2857142857
213545.57142857142
213563.42857142858
213565.14285714287
213545.0
213578.57142857142
213544.14285714287
213568.2857142857
213594.7142857143
213581.42857142858
213566.14285714287
213571.85714285713
213563.0
213592.7142857143
213591.57142857142
213564.42857142858
213626.2857142857
213577.0
213587.14285714287
213587.57142857142
213581.57142857142
213588.14285714287
213550.7142857143
213558.85714285713
213564.14285714287
213589.57142857142
213581.85714285713
213587.7142857143
213594.14285714287
213576.42857142858
213601.14285714287
213590.57142857142
213584.42857142858
213558.7142857143
213567.0
213575.42857142858
213556.0
213601.0
213592.0
213593.85714285713
213597.0
213594.42857142858
213559.85714285713
213583.2857142857
213585.7142857143
2579807.5714285714
213575.7142857143
213572.42857142858
213595.0
213598.42857142858
213561.42857142858
213593.2857142857
213584.14285714287
213568.0
213586.0
213581.42857142858
213577.85714285713
213583.57142857142
213596.0
213593.57142857142
2579813.5714285714
213616.42857142858
213593.57142857142
213586.57142857142
213592.7142857143
213586.85714285713
213587.2857142857
213597.42857142858
213583.14285714287
213585.42857142858
213601.14285714287
213603.42857142858
213579.0
213590.14285714287
213593.7142857143
213620.85714285713
213606.2857142857
213605.57142857142
213622.42857142858
2579859.5714285714
213597.0
213606.14285714287
213622.0
2579842.8571428573
213607.7142857143
213635.2857142857
213601.7142857143
213622.14285714287
213643.7142857143
213622.0
213619.57142857142
213608.7142857143
213630.42857142858
213630.57142857142
213634.7142857143
213631.2857142857
213633.85714285713
213622.57142857142
213647.0
213631.57142857142
213645.57142857142
213615.14285714287
2579847.5714285714
213662.42857142858
213632.85714285713
2579883.8571428573
213659.85714285713
213656.7142857143
213655.42857142858
213644.42857142858
213642.2857142857
213656.57142857142
213680.2857142857
213685.42857142858
213660.0
213691.7142857143
213678.57142857142
213649.57142857142
213695.42857142858
213662.7142857143
213667.85714285713
213671.85714285713
213664.57142857142
213686.0
213675.14285714287
213683.0
213693.14285714287
213673.2857142857
213688.85714285713
213663.7142857143
213686.42857142858
213727.42857142858
213722.7142857143
213725.0
213716.42857142858
213720.7142857143
213693.7142857143
213734.0
213678.2857142857
213731.14285714287
213705.57142857142
213698.2857142857
213703.2857142857
213688.7142857143
213706.7142857143
213708.14285714287
213698.7142857143
213698.85714285713
213716.0
213722.7142857143
213739.2857142857
213725.85714285713
213751.42857142858
213743.14285714287
213719.42857142858
213729.0
213723.0
213712.2857142857
213734.2857142857
213750.7142857143
213743.7142857143
213718.57142857142
213745.0
213731.57142857142
213749.57142857142
2579959.5714285714
213755.0
213734.42857142858
213752.42857142858
213747.85714285713
213718.85714285713
213773.14285714287
213774.57142857142
213739.42857142858
213762.0
213792.7142857143
213749.14285714287
213747.85714285713
213783.0
213758.57142857142
213787.42857142858
213776.14285714287
213762.42857142858
213769.85714285713
213789.42857142858
213801.57142857142
213778.2857142857
213747.42857142858
213753.85714285713
213772.85714285713
213759.57142857142
213786.2857142857
213780.7142857143
213801.2857142857
213807.85714285713
213800.14285714287
213799.42857142858
213777.85714285713
213780.42857142858
213780.57142857142
213789.0
213792.0
213807.2857142857
213810.2857142857
213803.2857142857
213784.57142857142
213806.42857142858
213809.42857142858
213826.0
213845.85714285713
213821.14285714287
213822.42857142858
213836.7142857143
213843.14285714287
213873.2857142857
213861.2857142857
213847.2857142857
2580031.714285714
213853.42857142858
213844.2857142857
213847.85714285713
213807.57142857142
213815.2857142857
213837.14285714287
213850.85714285713
213870.7142857143
213862.57142857142
213859.7142857143
213865.42857142858
213854.0
213825.57142857142
213844.57142857142
213863.85714285713
213861.2857142857
213856.57142857142
213888.0
213866.57142857142
213863.57142857142
213886.7142857143
213872.14285714287
213856.7142857143
213881.0
213846.0
213875.57142857142
213851.57142857142
213891.85714285713
213888.42857142858
213903.57142857142
213893.57142857142
213878.57142857142
213892.0
213919.57142857142
213878.0
213915.42857142858
213968.2857142857
213933.85714285713
213951.2857142857
214019.14285714287
213948.42857142858
213974.7142857143
213979.14285714287
213992.7142857143
214044.42857142858
214023.57142857142
214073.57142857142
214079.2857142857
214127.2857142857
214180.2857142857
214179.42857142858
214182.57142857142
2580315.285714286
214231.7142857143
214331.2857142857
214276.0
214350.0
2580461.5714285714
214394.42857142858
214524.0
214558.85714285713
214668.7142857143
214700.14285714287
214709.85714285713
214706.42857142858
214858.2857142857
215032.85714285713
215004.57142857142
215160.42857142858
215134.42857142858
215329.0
215388.42857142858
215352.85714285713
215318.7142857143
215243.2857142857
215493.57142857142
215493.14285714287
215675.2857142857
215870.57142857142
215961.0
216221.57142857142
216040.2857142857
216280.0
216365.0
216321.2857142857
216475.0
216491.85714285713
216538.0
216555.57142857142
216821.0
216959.0
217170.42857142858
217236.42857142858
217290.42857142858
217550.7142857143
217562.0
217758.2857142857
217867.2857142857
217975.0
218290.7142857143
218272.85714285713
218513.7142857143
218670.2857142857
218742.85714285713
218801.14285714287
219258.85714285713
219360.7142857143
219540.42857142858
219422.0
219675.14285714287
219888.7142857143
219868.42857142858
220085.2857142857
220239.2857142857
220194.14285714287
220471.85714285713
