213681
213649
213534
213642
213749
213855
213825
213710
213661
213607
213649
213653
213655
213657
213669
213716
213851
213647
213672
213705
213659
213606
213646
213601
213679
213680
213735
213854
213830
213750
213781
213809
213826
213801
213725
213753
213786
213658
213701
213741
213649
213802
213848
213712
213695
213732
213631
213630
213777
213736
213723
213676
213622
213709
213782
213796
213831
213731
213719
213732
213764
213804
213827
213736
213724
213828
213868
213815
213664
213830
213913
213844
213848
213790
213629
213666
213603
213553
213769
213787
213645
213671
213834
213774
213753
213785
213693
213733
213829
213719
213705
213722
213746
213698
213652
213809
213807
213684
213714
213836
213833
213845
213763
213753
213716
213748
213809
213700
213750
213729
213670
213760
213813
213710
213680
213719
213774
213686
213590
213774
213843
213806
213831
213732
213734
213773
213802
213647
213720
213708
213708
213843
213810
213771
213792
213742
213616
213776
213734
213884
213800
213779
213828
213789
213746
213774
213713
213739
213709
213745
213830
213882
213853
213791
213893
214013
214075
214188
214125
214203
214393
214226
214414
215319
215406
215606
215630
216086
216301
216442
216647
216944
217388
217705
218038
218505
218706
218908
219025
219041
219332
219465
219524
219697
219896
220181
220631
220720
220839
221058
221177
221544
221949
221793
221910
222148
222091
222209
222254
222270
222148
222381
222435
222353
222488
222441
222530
222515
222409
222399
222352
222444
222645
222527
222458
222520
222790
222723
222470
222479
222688
222769
222660
222490
222467
222488
222439
222730
222890
222618
222500
222559
222411
222511
222698
222676
222601
222663
222759
222704
222738
222694
222498
222477
222426
222412
222404
222536
222533
222509
222382
222518
222497
222677
222606
222420
222273
222461
222576
222440
222455
222524
222566
222437
222249
222202
222240
222454
222436
222286
222248
222192
222187
222176
222162
222259
222165
222244
222218
222134
222072
222033
221964
221958
222194
222084
222113
222169
221704
221585
221823
221757
221523
221531
221433
221194
221199
221174
221047
221156
221146
220565
220412
220384
220229
219894
219669
219677
219364
219293
219111
218693
218342
218359
218261
218081
217877
217447
217141
216472
216467
216385
216498
216319
215998
215908
215602
215267
214985
214538
214557
214342
214147
214293
214277
214287
214153
214080
214229
214093
213984
214037
213959
213984
213916
213908
213917
213932
213996
214098
214101
213986
213952
213977
214016
214066
214039
213939
213825
214035
213969
214013
214070
214049
213951
213918
213952
213955
213995
214064
214009
213932
213983
213947
213910
213964
214059
213949
213948
213936
213881
213820
213792
213973
213923
213864
213869
213914
213927
214027
214067
214126
213927
213943
213964
213881
213868
213887
213876
213948
213998
213998
213989
213937
213966
213964
214069
214011
213968
213970
213982
213885
213943
213990
213878
213848
214080
214038
213940
213940
213884
213902
213835
213792
213780
213981
213889
213927
213889
213841
213891
213862
213866
214109
214071
213880
213853
213883
213928
214007
213938
213962
213938
213944
213901
213921
213893
213939
213975
213965
213945
213952
213902
213768
213767
213845
213887
213878
213858
213823
213791
213948
213987
213935
213847
213935
213873
213839
213795
213851
213843
213877
213784
213802
213860
213863
213852
213842
213853
213963
213936
213950
213861
213808
213874
213942
213918
213936
213916
213796
213894
213951
213975
213856
213820
213950
213937
213888
213894
213946
