213872.7142857143
213872.57142857142
213868.57142857142
213863.57142857142
213870.14285714287
213872.42857142858
213910.0
213874.2857142857
213867.57142857142
213865.57142857142
213876.42857142858
213869.14285714287
213862.2857142857
213880.2857142857
213872.14285714287
213870.2857142857
213840.42857142858
2580050.285714286
213839.0
213839.85714285713
213847.2857142857
213869.0
213881.7142857143
213870.42857142858
213873.85714285713
213871.14285714287
213852.0
213872.0
213876.0
213862.7142857143
213885.14285714287
213872.57142857142
213871.0
213871.42857142858
213899.0
213902.0
213883.85714285713
213873.85714285713
213881.7142857143
213885.14285714287
213879.57142857142
213903.7142857143
213874.42857142858
213865.57142857142
213863.14285714287
213874.57142857142
213894.14285714287
213869.85714285713
213875.14285714287
213880.57142857142
213895.57142857142
213901.57142857142
213877.57142857142
213885.7142857143
213883.42857142858
213888.85714285713
213886.14285714287
213902.42857142858
213908.2857142857
213923.14285714287
213905.42857142858
213888.85714285713
213880.14285714287
213882.85714285713
213890.0
213897.2857142857
213897.7142857143
213885.0
213879.85714285713
213884.14285714287
213900.0
213874.85714285713
213910.7142857143
213868.85714285713
213871.57142857142
213872.0
213866.42857142858
213894.0
213883.0
213857.85714285713
213897.42857142858
213908.57142857142
213898.57142857142
2432215.714285714
213888.7142857143
213871.2857142857
213882.0
213870.14285714287
213907.85714285713
213874.2857142857
213884.7142857143
213885.14285714287
213877.7142857143
213903.42857142858
213878.14285714287
213909.85714285713
213876.7142857143
213879.57142857142
213908.42857142858
213894.42857142858
213918.57142857142
213892.14285714287
213876.42857142858
213905.0
213867.57142857142
213867.0
213902.14285714287
213875.2857142857
213892.0
213864.85714285713
213894.42857142858
213884.0
213885.57142857142
213893.85714285713
213897.14285714287
213895.14285714287
213875.57142857142
213878.57142857142
213864.2857142857
2580089.8571428573
213905.42857142858
213877.2857142857
213879.2857142857
213886.42857142858
213851.7142857143
213879.42857142858
213880.57142857142
213834.0
213890.57142857142
213893.42857142858
213894.0
213870.42857142858
213888.14285714287
213884.85714285713
213858.2857142857
213888.14285714287
213880.57142857142
213885.14285714287
213833.14285714287
213857.57142857142
213836.14285714287
213823.2857142857
213830.85714285713
213863.2857142857
213825.2857142857
213881.14285714287
213822.2857142857
213851.2857142857
213861.7142857143
213867.57142857142
213862.7142857143
213871.42857142858
2580057.0
213863.7142857143
213856.85714285713
213884.14285714287
213897.7142857143
213862.14285714287
213872.42857142858
213882.14285714287
213877.57142857142
2580037.285714286
213868.85714285713
213893.57142857142
213839.7142857143
213833.14285714287
213863.42857142858
213886.7142857143
213825.57142857142
213829.85714285713
213839.7142857143
213830.42857142858
213845.42857142858
213874.2857142857
213833.14285714287
213835.57142857142
213848.2857142857
213847.42857142858
213864.2857142857
213865.57142857142
213833.7142857143
213851.85714285713
2580060.1428571427
213856.2857142857
213867.2857142857
213867.42857142858
213849.2857142857
2580015.285714286
213829.2857142857
213832.7142857143
213844.85714285713
213874.42857142858
213831.42857142858
213832.2857142857
213827.7142857143
213813.14285714287
213871.2857142857
213840.85714285713
213841.14285714287
213794.57142857142
213826.57142857142
213820.0
213821.2857142857
213841.0
213828.0
213833.0
213819.0
213812.57142857142
213831.0
213838.42857142858
213828.14285714287
213815.57142857142
213790.14285714287
213788.42857142858
213818.7142857143
213756.7142857143
2579972.8571428573
213796.7142857143
213831.7142857143
2579675.714285714
213832.42857142858
213805.7142857143
213830.85714285713
213759.57142857142
213808.0
213739.7142857143
213759.0
213780.0
213730.2857142857
213738.42857142858
213754.14285714287
213771.85714285713
213774.85714285713
213729.14285714287
213736.57142857142
213749.14285714287
213748.0
213756.85714285713
213736.2857142857
213755.42857142858
213758.2857142857
213763.2857142857
213759.85714285713
213763.85714285713
213768.14285714287
213748.7142857143
213727.85714285713
213743.7142857143
213772.14285714287
213748.57142857142
213731.42857142858
213782.7142857143
213807.42857142858
213825.14285714287
213793.2857142857
213753.42857142858
213771.7142857143
213845.42857142858
213844.42857142858
213820.85714285713
213796.7142857143
213776.42857142858
213765.57142857142
213782.2857142857
213873.2857142857
213851.14285714287
213866.7142857143
213803.14285714287
213874.57142857142
213965.2857142857
213862.57142857142
214011.2857142857
213974.14285714287
213914.2857142857
214002.14285714287
213990.2857142857
213933.57142857142
214020.7142857143
214134.85714285713
214159.42857142858
214150.85714285713
214046.2857142857
214087.7142857143
214201.7142857143
214036.42857142858
213955.7142857143
214217.14285714287
214262.57142857142
214363.0
214362.2857142857
214304.2857142857
214168.42857142858
214092.57142857142
214217.0
214389.57142857142
214391.14285714287
214433.57142857142
214477.57142857142
214424.14285714287
214601.7142857143
214451.0
214275.14285714287
214602.14285714287
214222.57142857142
214307.14285714287
214472.7142857143
214581.57142857142
214638.42857142858
214717.14285714287
214724.2857142857
214743.42857142858
214993.42857142858
214966.0
214852.42857142858
214832.2857142857
214908.42857142858
215116.42857142858
215169.2857142857
215374.85714285713
215057.14285714287
214915.7142857143
215122.57142857142
215263.7142857143
215614.85714285713
215736.2857142857
215439.14285714287
215473.57142857142
215856.14285714287
215564.57142857142
215935.42857142858
215785.0
216254.42857142858
216272.7142857143
216229.7142857143
216144.57142857142
216588.7142857143
216198.0
216188.0
216301.0
216595.85714285713
216460.85714285713
216550.14285714287
216811.42857142858
216724.57142857142
217137.14285714287
217009.57142857142
217190.57142857142
217502.7142857143
217549.7142857143
217245.14285714287
217310.42857142858
217153.7142857143
217484.2857142857
217637.42857142858
217729.2857142857
217731.14285714287
217868.0
217988.85714285713
2583631.1428571427
218180.2857142857
218423.7142857143
218626.14285714287
218708.42857142858
218760.7142857143
219000.14285714287
218945.42857142858
219031.0
219156.2857142857
219176.42857142858
219107.2857142857
219237.14285714287
219378.57142857142
219579.7142857143
219668.0
219936.0
219964.2857142857
219966.14285714287
220345.0
220387.7142857143
220260.0
220400.57142857142
220536.0
220451.0
220504.57142857142
220716.0
220782.2857142857
220972.57142857142
220875.0
221074.57142857142
221052.0
221169.14285714287
221290.85714285713
221423.2857142857
221309.57142857142
221314.0
221430.42857142858
221448.57142857142
221473.0
221605.57142857142
221606.57142857142
221614.0
221640.42857142858
221753.85714285713
221722.2857142857
2512933.4285714286
221820.2857142857
221822.85714285713
221789.85714285713
221900.0
221887.2857142857
221906.2857142857
222048.14285714287
222042.7142857143
221997.57142857142
221991.0
222035.85714285713
221985.14285714287
221881.2857142857
221990.42857142858
222026.85714285713
221844.7142857143
221946.0
222031.57142857142
222041.7142857143
221903.2857142857
221861.14285714287
221782.0
221778.42857142858
221692.57142857142
221663.0
221673.42857142858
221653.57142857142
221593.85714285713
221605.42857142858
221516.7142857143
221291.7142857143
221461.85714285713
221413.2857142857
221279.14285714287
221228.0
221141.7142857143
221189.57142857142
221035.14285714287
220989.85714285713
220826.85714285713
220697.7142857143
220781.42857142858
220542.57142857142
220622.14285714287
220539.57142857142
220379.7142857143
220277.42857142858
219986.0
220083.0
2585390.0
219738.0
219853.14285714287
219782.42857142858
219724.42857142858
219770.0
219641.7142857143
219538.2857142857
219381.42857142858
219277.14285714287
219040.7142857143
218926.14285714287
218808.0
218758.14285714287
218657.85714285713
218408.7142857143
218466.85714285713
218453.85714285713
218271.42857142858
218086.7142857143
217938.0
217789.7142857143
217675.85714285713
217636.2857142857
217529.42857142858
217433.14285714287
217351.0
217397.14285714287
217253.0
2583005.0
216967.0
216935.0
216814.42857142858
216830.42857142858
216699.42857142858
216479.0
216385.0
216418.0
216431.57142857142
216359.0
216271.7142857143
216086.57142857142
216299.57142857142
216171.85714285713
216018.85714285713
216032.2857142857
215899.0
215905.42857142858
215564.2857142857
215634.7142857143
215705.85714285713
215606.0
215452.7142857143
215452.2857142857
215583.42857142858
215636.14285714287
215480.0
215500.57142857142
215277.85714285713
215312.42857142858
215343.0
215268.2857142857
215382.57142857142
215164.7142857143
215085.85714285713
215158.7142857143
215082.57142857142
215039.0
214998.0
214965.2857142857
214956.57142857142
215015.42857142858
214837.14285714287
215002.0
214944.57142857142
214905.42857142858
214854.2857142857
214774.85714285713
214689.7142857143
214683.7142857143
214617.0
214624.7142857143
214640.2857142857
214504.7142857143
214508.85714285713
214497.57142857142
214473.2857142857
214448.42857142858
214499.57142857142
214473.2857142857
214440.85714285713
214459.14285714287
214441.85714285713
214415.7142857143
214389.42857142858
214359.14285714287
214368.42857142858
214361.0
214368.57142857142
214318.2857142857
214340.14285714287
214332.42857142858
214327.57142857142
214346.0
214300.7142857143
214315.7142857143
214287.0
214305.7142857143
214333.42857142858
214349.85714285713
214336.7142857143
214332.7142857143
214338.0
214316.0
214332.57142857142
214292.42857142858
214298.57142857142
214308.2857142857
214326.7142857143
214266.2857142857
214275.42857142858
214294.0
214303.0
214296.42857142858
214268.42857142858
214279.2857142857
214261.85714285713
214265.85714285713
214264.0
214302.42857142858
214270.0
214285.14285714287
214297.57142857142
214286.42857142858
214256.2857142857
214251.85714285713
214265.2857142857
214270.0
214298.2857142857
214243.57142857142
214298.14285714287
214282.2857142857
214321.85714285713
214313.42857142858
214297.0
214295.0
214284.7142857143
214280.7142857143
2580405.5714285714
214290.14285714287
214241.42857142858
214251.7142857143
214257.14285714287
214225.14285714287
214246.42857142858
214229.14285714287
214214.57142857142
214220.7142857143
214193.85714285713
214260.0
214252.42857142858
214217.2857142857
214209.42857142858
214192.7142857143
214186.0
214200.7142857143
214167.0
214201.0
214195.85714285713
214175.14285714287
214159.85714285713
214178.57142857142
214166.57142857142
214175.42857142858
214165.57142857142
214173.7142857143
214162.7142857143
214171.2857142857
214148.0
214127.7142857143
214133.85714285713
214146.0
2580289.1428571427
214124.85714285713
214121.0
214130.7142857143
214133.0
214094.7142857143
214153.7142857143
214120.14285714287
214163.42857142858
214142.0
214086.57142857142
214062.57142857142
214082.2857142857
214115.14285714287
214087.14285714287
214088.7142857143
214076.14285714287
214080.14285714287
214091.85714285713
214077.0
214075.42857142858
214096.42857142858
214073.85714285713
214071.2857142857
214067.7142857143
214115.2857142857
214094.42857142858
214064.42857142858
214045.7142857143
214062.14285714287
214056.0
214049.0
214047.2857142857
214067.57142857142
214043.57142857142
214044.14285714287
214066.85714285713
214047.14285714287
214047.2857142857
214071.85714285713
214067.42857142858
214057.2857142857
214047.85714285713
214021.42857142858
214015.2857142857
214026.7142857143
214023.0
214052.7142857143
214034.57142857142
214053.42857142858
214033.85714285713
214052.7142857143
214018.14285714287
214004.14285714287
213982.7142857143
213999.0
2580172.8571428573
213975.42857142858
214001.42857142858
213971.85714285713
214015.57142857142
213966.7142857143
2580166.8571428573
214003.85714285713
213977.2857142857
2580174.4285714286
214000.85714285713
214003.2857142857
214005.7142857143
214009.42857142858
213988.57142857142
213983.2857142857
213989.2857142857
213971.85714285713
213980.2857142857
213952.7142857143
214009.2857142857
213986.2857142857
213967.85714285713
213974.14285714287
213984.85714285713
213974.57142857142
213986.7142857143
213995.0
213997.42857142858
213955.85714285713
213968.0
213976.2857142857
213971.7142857143
213986.14285714287
213966.2857142857
213983.42857142858
213964.2857142857
2580141.5714285714
213966.0
213963.42857142858
213952.0
213982.85714285713
213993.57142857142
213968.42857142858
213947.2857142857
213973.2857142857
213966.14285714287
213961.0
213995.14285714287
213966.14285714287
213978.14285714287
213978.0
214001.0
213996.57142857142
213959.0
213964.85714285713
213982.2857142857
213946.7142857143
213976.57142857142
213960.7142857143
213954.14285714287
213995.0
213954.14285714287
213931.2857142857
213955.85714285713
213988.42857142858
213966.14285714287
213950.0
213928.14285714287
213946.42857142858
213953.85714285713
213956.85714285713
213947.57142857142
213935.2857142857
213934.7142857143
213926.57142857142
213969.42857142858
213962.14285714287
2580139.285714286
213942.0
213949.85714285713
213925.7142857143
213934.42857142858
213934.85714285713
213942.0
213954.57142857142
213939.57142857142
213923.2857142857
213918.57142857142
213930.42857142858
213950.85714285713
213941.7142857143
213921.42857142858
213952.2857142857
213921.14285714287
213945.2857142857
213937.57142857142
213960.2857142857
213927.0
213915.0
213920.2857142857
213929.2857142857
213917.85714285713
213934.14285714287
213926.42857142858
213905.57142857142
213919.85714285713
213914.7142857143
213903.7142857143
213921.14285714287
213923.0
213896.57142857142
213919.7142857143
213938.2857142857
213908.7142857143
213904.14285714287
213907.14285714287
213907.0
213930.7142857143
213915.14285714287
213912.42857142858
213913.0
213906.7142857143
213898.2857142857
213914.0
213921.57142857142
213901.2857142857
213900.7142857143
213890.0
213900.0
213909.0
213892.85714285713
213919.7142857143
213906.42857142858
213895.85714285713
213871.42857142858
213908.0
213887.7142857143
213888.7142857143
213904.42857142858
213914.85714285713
213901.85714285713
213892.42857142858
213880.14285714287
213876.57142857142
213905.0
213919.85714285713
213884.7142857143
213925.7142857143
213881.42857142858
213886.57142857142
213886.57142857142
213892.7142857143
213894.85714285713
213906.85714285713
213887.85714285713
213875.0
213906.2857142857
213897.7142857143
213873.2857142857
213899.14285714287
213866.57142857142
213884.42857142858
213872.7142857143
213877.85714285713
213877.7142857143
213882.2857142857
213872.85714285713
213875.42857142858
213871.57142857142
213897.7142857143
213872.14285714287
213863.14285714287
213875.57142857142
213885.0
2579786.8571428573
213865.42857142858
2580076.4285714286
213880.2857142857
213869.0
213885.14285714287
213867.14285714287
213884.57142857142
213876.42857142858
213868.42857142858
213876.57142857142
213889.85714285713
213912.85714285713
213894.2857142857
213893.42857142858
213885.0
213880.14285714287
213884.2857142857
213880.85714285713
213880.0
213881.57142857142
213896.0
213895.14285714287
213891.2857142857
213875.57142857142
213876.85714285713
213865.57142857142
213874.7142857143
213860.7142857143
213870.2857142857
213868.0
213892.7142857143
213876.57142857142
