214156.285714285
214166.428571428
214136.857142857
214122.714285714
214141
214119.142857142
214110.571428571
214121.714285714
214127.714285714
214148
214132.285714285
214152.571428571
214144.285714285
214125.142857142
214143.714285714
214124.428571428
214123.142857142
214138.142857142
214131.714285714
214119.142857142
214123.142857142
214117.714285714
214115.714285714
214100.571428571
214124
214111.428571428
214114.285714285
214100.142857142
214088
214132.571428571
214104.857142857
214089.285714285
214115.714285714
214102.857142857
214105.571428571
214092.428571428
214069.714285714
214080.571428571
214091.571428571
214052.285714285
214069.857142857
214076.285714285
214083.571428571
214088.714285714
214055.142857142
214061.428571428
214082.142857142
214070.285714285
214089.714285714
214076.857142857
214052.285714285
214060.142857142
214091.571428571
214049.857142857
214060.857142857
214050.714285714
214067.142857142
214073.428571428
214057.285714285
214025.571428571
214043.285714285
214052.285714285
214050.285714285
214042.428571428
214052
214028.428571428
214023.857142857
214041.428571428
214040.285714285
214054.571428571
214025
214036.714285714
214058.857142857
214024.571428571
214024.571428571
214028.571428571
214053.428571428
214032.428571428
214036.285714285
214042
214042.857142857
214042.571428571
214033.285714285
214024.285714285
214013.857142857
214017.142857142
214024.428571428
213987.285714285
213983.714285714
214011.142857142
214021.857142857
214010.571428571
214002.285714285
213998.142857142
213988.428571428
214013.428571428
214004.428571428
213975.714285714
214001.714285714
213986.285714285
214005.714285714
214003.571428571
214019.428571428
213997.571428571
213987.285714285
214015
213992.428571428
214030
213986.571428571
213997.285714285
213997
213993.857142857
213986.285714285
214003.714285714
213997
213990.285714285
214001.142857142
213964.285714285
213958.142857142
213975
213990.285714285
213992.857142857
214002.571428571
213986.857142857
213972.428571428
213974.571428571
213979
213976
213997
213970
213977.285714285
213962.142857142
213972
213941.428571428
213958.714285714
213981.571428571
213992.857142857
213960.857142857
213979.428571428
213947.857142857
213988
213958.714285714
213986
213965.285714285
213969.428571428
213952
213941.142857142
213937.714285714
213949.714285714
213963.714285714
213969.428571428
213958.428571428
213963.714285714
213958.571428571
213948.714285714
213945.428571428
213946.571428571
213941.857142857
213944
213951
213971.285714285
213990.428571428
213958.571428571
213948.857142857
213918.285714285
213942.571428571
213926.285714285
213940.285714285
213940.571428571
213950
213954.714285714
213953.285714285
213925.571428571
213930.714285714
213963.428571428
213972
213929.428571428
213939.285714285
213948.428571428
213916.571428571
213943.428571428
2580172.28571428
213952.714285714
213934
213935.571428571
213920.142857142
213952.142857142
213933.142857142
213934.714285714
213932.285714285
213918.571428571
213950.857142857
213914.428571428
213920
213942.571428571
213940.142857142
213926.571428571
213929.285714285
213937.428571428
213940
213908.428571428
213923.285714285
213925.571428571
213924.714285714
213943.857142857
213895.571428571
213917
213940.857142857
213944.857142857
213951.571428571
213952.714285714
213954.285714285
213915.285714285
213967.571428571
213954
213921.857142857
213943.285714285
213928.714285714
213936.571428571
213919.571428571
213918.428571428
213914.571428571
213918.714285714
213916.857142857
213885.857142857
213926
213936.428571428
213931.428571428
213933.857142857
213947.428571428
213922.428571428
213946.714285714
213912.857142857
213924.142857142
213900
213929.571428571
213897.428571428
213908.142857142
213903.714285714
213883.571428571
213876.714285714
213881
213885.714285714
213880.857142857
213914.428571428
213913.285714285
213901.857142857
213900.142857142
213904
213918.285714285
213890.428571428
213887.142857142
213850
213885.428571428
213877.714285714
213874.428571428
213900
213894.714285714
213879.857142857
213877.714285714
213898.142857142
213885.428571428
213888.571428571
213907.285714285
213949.142857142
213914.714285714
213908.428571428
213895.857142857
213889.428571428
213928.571428571
213893.428571428
213901.857142857
213912.857142857
213907.571428571
213879.142857142
213891.857142857
213893
213891.428571428
213866.285714285
213872.428571428
2580132.14285714
213901.571428571
213912
213918.571428571
213879.428571428
213845.857142857
213844.428571428
213870.285714285
213865.428571428
213859.142857142
213858.714285714
2580120.57142857
213860
213863.142857142
213885.857142857
213878.714285714
213815.142857142
213829.714285714
213851.714285714
213860.285714285
213898.285714285
213874.428571428
213850.857142857
213855.857142857
213870.714285714
213896.285714285
213853
213874.857142857
213864.428571428
213868.714285714
213858.428571428
213848.142857142
213870.857142857
213858.857142857
213872.285714285
213909.857142857
213908.714285714
213876.428571428
213911.142857142
213901.857142857
213912.857142857
213897
213916
213894.142857142
213956.571428571
213907.142857142
213902
213938.714285714
213919.571428571
213906
213922.857142857
213948.714285714
213962.571428571
213952.285714285
213922.142857142
213898.285714285
213939.285714285
213904.285714285
213987.285714285
213944.285714285
213978.285714285
213990.714285714
214025.857142857
214012.857142857
214004
214027
214075.285714285
214057.714285714
214051
2580265.28571428
214144.571428571
214063.285714285
214054.714285714
214094.142857142
214165.142857142
214113.571428571
214067
214047
214073.571428571
214130.428571428
214109.571428571
214160.571428571
214172.571428571
214144.714285714
214201.857142857
214162.428571428
214218.142857142
214181
214157.571428571
214158.857142857
214245.142857142
214258
214358
214367.428571428
214332.142857142
214340.142857142
214300.285714285
214395.857142857
214329.714285714
214395.142857142
214463.428571428
214516.285714285
214461.285714285
214590
214587.714285714
214534.571428571
214641.714285714
214660
214664.285714285
214599.571428571
214676.428571428
214677.285714285
214734.285714285
214835
214811.285714285
214972.285714285
214977.285714285
214971
214875.428571428
214937.857142857
214965
214987.857142857
215167.571428571
215138.571428571
215173.142857142
215143.285714285
215262.857142857
215329
215372
2581274.71428571
215502
215438.428571428
215560.571428571
215624.428571428
215675.714285714
215647.571428571
215883.142857142
215748.142857142
215918.142857142
215897
215880.714285714
216111.571428571
216221.571428571
216234.285714285
216229.857142857
216255.428571428
216360.857142857
216453.142857142
216539.428571428
216440
216644.714285714
216543.857142857
216634.142857142
216618.285714285
216797
216900
217080
216979.714285714
217082.428571428
217141.142857142
9680248.85714285
217325.714285714
2583027
217179.714285714
217514.428571428
217614.285714285
217798
217922.428571428
217709.714285714
218021
217893
217936.571428571
218199.714285714
218349.428571428
218378.428571428
218373
218495.285714285
218713.428571428
218672.857142857
218747.428571428
218752.428571428
218758.714285714
219042.857142857
219017.571428571
219243.428571428
219160.285714285
219273.857142857
219314
219410.285714285
219399.142857142
219479.142857142
219470.857142857
219448.571428571
219431.857142857
219554.142857142
219737.714285714
219743.285714285
219700.571428571
219646.428571428
219639.285714285
220035.285714285
220059
219965.285714285
219962.714285714
220244.714285714
220182.285714285
220245.571428571
2585461.42857142
220302.714285714
220315.428571428
220344.714285714
220331.571428571
220375
220418.714285714
220401.571428571
220517.714285714
220430.857142857
220371.428571428
220450
220354
220473.571428571
220520.714285714
220705.571428571
220639.142857142
220513.285714285
220507.142857142
220514
220474.142857142
220552
220434.285714285
220350
220407.142857142
220412.571428571
220503.428571428
220402.571428571
220364
220316.142857142
220409.571428571
220262.857142857
2585527.28571428
220211.571428571
219977.571428571
220070
220056.571428571
219953.857142857
219708.571428571
219885.428571428
219578.142857142
219473
219816.714285714
219540.714285714
219440.285714285
219273
219397.571428571
219313.714285714
219428.857142857
219153.142857142
219118
219047.714285714
219099.285714285
218892.571428571
218757.857142857
219037.571428571
218817.714285714
218921.714285714
218479.714285714
218535.571428571
218556.285714285
218683.428571428
218339.285714285
218524
218469.571428571
218209.285714285
218154
218207
218117
217835
217632
217619.571428571
217769.714285714
217674.571428571
217486
217477.857142857
217540.714285714
217212.428571428
217048.571428571
217099.142857142
217288.142857142
217113.714285714
216948
216817.285714285
2582537.57142857
216708.857142857
216756.857142857
216625.571428571
216755.714285714
216772.857142857
216690.857142857
216375.857142857
216434.857142857
215946.714285714
216052.857142857
216388.857142857
216394.428571428
216170.428571428
215988.571428571
215859
215915.857142857
216084
216012.142857142
216052.857142857
215966.714285714
215687.714285714
215891.857142857
215944.285714285
215723.142857142
215554.142857142
215451.571428571
2581483.85714285
215300.428571428
2581507.57142857
215602.714285714
215304.714285714
214989.285714285
214908.571428571
214999.428571428
214999.571428571
214898.428571428
214951.571428571
215031.571428571
214778.714285714
214882.142857142
214800.285714285
214745.714285714
214677
214649.142857142
214742.714285714
2580841.14285714
214611
214549.142857142
214566.714285714
214699.857142857
214686.857142857
214789.571428571
214436.571428571
214397.857142857
214395.571428571
214347.142857142
214627.142857142
214566.142857142
214666.714285714
214593.142857142
214422.714285714
214460
214476
214206.714285714
214249
214404.285714285
214496.857142857
2580548.14285714
214115
214239.142857142
214417.571428571
214311.428571428
214423.428571428
214158.142857142
214216.142857142
214332.714285714
214244.571428571
214273.571428571
214165.142857142
214091.714285714
214158.428571428
214208.714285714
214045
214083.428571428
213970.428571428
213930.428571428
213968.714285714
214019
213950
213928.428571428
213934.428571428
213974.285714285
213944.714285714
213919.857142857
213983
213881.285714285
213954.428571428
213896.428571428
213997
213950
213962.428571428
213980.428571428
213927.285714285
213963.857142857
213997
213946.428571428
213957.142857142
213947.714285714
213879.142857142
213867.428571428
2580226.14285714
4946437.14285714
213894.714285714
213882.428571428
213870
213848.714285714
213879.714285714
2580127.71428571
2580134.85714285
213871.571428571
213898.857142857
213886.571428571
213856.571428571
213837
213884.428571428
213815
213868.428571428
213868.142857142
213885.142857142
213861.857142857
213811.142857142
213830.428571428
213821.571428571
213851.428571428
213849.857142857
213878.857142857
213873.428571428
213841.714285714
213798
213840.142857142
213834.857142857
213805.714285714
213775.714285714
213804
213824.857142857
213810.142857142
213805.285714285
213803.428571428
213829.142857142
213846.142857142
213800.428571428
213800.428571428
213787.142857142
213832.714285714
213811.285714285
213815.857142857
213835.857142857
213833.857142857
213837.142857142
213805.428571428
213788.142857142
213758.428571428
213791.857142857
2580054.57142857
213757.714285714
213752.571428571
213768.142857142
213743.142857142
213769.714285714
213737.857142857
213747.428571428
213759
213783.142857142
213752.142857142
213756.857142857
213766.285714285
213774.857142857
213757.428571428
213743
213751.857142857
213751.714285714
213743.142857142
213796.571428571
213738.142857142
213753.285714285
213748.428571428
213733.428571428
213755.857142857
2580027.71428571
213760.428571428
213800.142857142
213759.428571428
213740.714285714
213724.142857142
213771.142857142
213757.142857142
213747.571428571
213712.571428571
213756.857142857
213723.714285714
213712.285714285
213723.714285714
213751.428571428
213751.857142857
213759.428571428
213727
213748.428571428
213738.428571428
213807.285714285
2580029.57142857
213748.857142857
213722.428571428
213756.714285714
213729.285714285
213728.571428571
213700.142857142
213703.428571428
213728.285714285
213697.714285714
213724.714285714
213720.285714285
213691.142857142
213713
213697.857142857
213735
213691.285714285
213748.714285714
213723
213727
213724.142857142
213726.714285714
213676.285714285
213698.714285714
213708.571428571
213710.142857142
213711.571428571
213704.857142857
213722.857142857
213680.714285714
213711.285714285
213704
213699
213695.571428571
213678.571428571
213696.428571428
213695.571428571
213678.428571428
213681.142857142
213695.428571428
213673.571428571
213659.285714285
213668.285714285
213676.857142857
213667.857142857
213656.428571428
213689.285714285
213699.285714285
213666.714285714
213690.285714285
213658.714285714
213662.428571428
213676.142857142
213644.571428571
213662.142857142
213669.428571428
213692
213681.857142857
213662.714285714
213655.285714285
213682.857142857
213660.857142857
213682.285714285
213662.428571428
213657.142857142
213635.857142857
213653.428571428
213683.714285714
213684.285714285
213686.857142857
213651.428571428
213656.571428571
213638.142857142
213673.857142857
213640.285714285
213662.285714285
213649.142857142
213667.714285714
213663.857142857
213660.571428571
213682.428571428
213661.571428571
213664.285714285
213665.857142857
213643.857142857
213661.428571428
213651.285714285
213635
213619.285714285
213639.428571428
213648.857142857
213644
213637
213651.571428571
213631.857142857
213632
213642.714285714
213654.142857142
213642.428571428
213658
213611.285714285
213663
213625
213631.714285714
213637.571428571
213623.428571428
213612.142857142
213618.142857142
213609.428571428
213599.285714285
213619
213622.428571428
213614.285714285
213606.714285714
213632.714285714
213620.142857142
213619.571428571
213612.142857142
213622
