2579507.4285714286
213193.57142857142
213182.85714285713
213181.0
213179.85714285713
213181.7142857143
213202.14285714287
213205.42857142858
213184.57142857142
213199.85714285713
213225.14285714287
213229.85714285713
213217.0
213212.14285714287
213225.14285714287
213227.14285714287
213212.57142857142
213208.57142857142
1987942.2857142857
213208.42857142858
213208.42857142858
213239.0
213226.2857142857
213202.85714285713
213222.42857142858
213197.85714285713
213241.57142857142
213237.2857142857
213233.57142857142
213216.2857142857
213250.7142857143
213242.42857142858
213215.7142857143
213240.7142857143
213236.85714285713
213228.7142857143
213228.57142857142
213266.85714285713
213248.2857142857
213243.42857142858
213245.14285714287
213237.0
213233.57142857142
213240.42857142858
213229.57142857142
213222.0
213247.85714285713
213234.42857142858
213267.85714285713
213253.2857142857
213258.85714285713
213261.85714285713
213248.57142857142
213251.42857142858
213258.2857142857
213286.57142857142
213281.57142857142
213252.85714285713
213275.14285714287
213278.57142857142
213268.14285714287
213266.0
213275.85714285713
213282.2857142857
213286.42857142858
213266.85714285713
213257.0
213262.57142857142
213232.57142857142
2579533.5714285714
213262.0
213245.2857142857
213268.57142857142
213260.85714285713
213247.7142857143
213273.85714285713
213256.42857142858
213254.0
213280.2857142857
213268.0
213312.7142857143
213307.0
213281.14285714287
213291.0
213307.0
213276.14285714287
213273.42857142858
213287.0
213296.7142857143
213300.42857142858
213283.7142857143
2579594.1428571427
213310.57142857142
213286.85714285713
213282.85714285713
213312.14285714287
213306.57142857142
213300.0
213289.7142857143
213294.2857142857
2579579.4285714286
213272.85714285713
213294.0
213275.2857142857
213302.85714285713
213296.85714285713
213298.7142857143
2579566.5714285714
213277.7142857143
213276.42857142858
213288.0
2579557.1428571427
213318.85714285713
213283.57142857142
213313.57142857142
213313.42857142858
213308.42857142858
213315.85714285713
213340.7142857143
213331.2857142857
213317.0
213304.57142857142
213336.7142857143
213336.2857142857
213306.7142857143
213325.0
213315.42857142858
213318.85714285713
213301.0
213310.7142857143
213336.42857142858
213308.7142857143
213302.85714285713
213318.85714285713
213293.42857142858
213306.57142857142
213307.7142857143
213316.14285714287
213342.57142857142
213326.14285714287
213315.0
213358.7142857143
213365.57142857142
2579623.714285714
213335.42857142858
213334.7142857143
213371.42857142858
213337.85714285713
213381.85714285713
213363.7142857143
213359.7142857143
213372.2857142857
213377.85714285713
213402.2857142857
213391.85714285713
213406.42857142858
213393.7142857143
213372.57142857142
213420.2857142857
213388.0
213421.85714285713
213432.0
213403.14285714287
213359.7142857143
213444.57142857142
213444.7142857143
213414.42857142858
213444.0
213442.14285714287
213427.0
213414.85714285713
213427.42857142858
213429.85714285713
213421.14285714287
213473.0
213449.14285714287
213448.7142857143
213453.0
213449.14285714287
213435.85714285713
213417.85714285713
213437.57142857142
213473.57142857142
213445.42857142858
213477.85714285713
213479.85714285713
213489.14285714287
213511.14285714287
213494.7142857143
213475.85714285713
213491.57142857142
213482.2857142857
213517.57142857142
213506.0
213533.2857142857
213554.57142857142
213551.0
213534.2857142857
2579751.0
213506.57142857142
213500.14285714287
213527.42857142858
213533.2857142857
213534.42857142858
213591.0
213562.85714285713
213513.42857142858
213538.14285714287
213547.57142857142
213567.85714285713
213573.7142857143
213550.14285714287
213543.0
213574.42857142858
213584.85714285713
213535.0
213582.0
213636.57142857142
213639.57142857142
213620.14285714287
213581.42857142858
213602.0
213664.42857142858
213622.7142857143
213629.42857142858
213683.85714285713
213642.2857142857
213597.7142857143
213650.57142857142
2561413.0
213663.7142857143
213686.2857142857
213748.42857142858
213726.85714285713
213741.0
213704.7142857143
213750.57142857142
213740.7142857143
213706.57142857142
213754.0
213753.2857142857
213800.7142857143
213701.85714285713
213680.7142857143
213817.7142857143
213693.14285714287
213690.85714285713
213710.85714285713
213664.0
213658.7142857143
213689.85714285713
213708.14285714287
213719.0
213779.0
213791.85714285713
213861.57142857142
213894.0
213825.7142857143
213839.42857142858
213920.57142857142
213931.7142857143
213849.42857142858
213867.14285714287
213791.14285714287
213794.7142857143
213800.0
213783.2857142857
213841.57142857142
213894.0
213831.14285714287
213843.42857142858
213953.57142857142
213860.42857142858
214016.14285714287
214050.14285714287
214012.0
214172.0
214246.57142857142
214284.14285714287
214412.0
214327.14285714287
214273.2857142857
214365.7142857143
214369.0
214211.85714285713
214265.42857142858
214317.57142857142
214322.42857142858
214267.14285714287
214384.42857142858
214326.85714285713
214458.7142857143
214412.57142857142
214354.57142857142
214264.85714285713
214339.42857142858
214231.57142857142
214296.57142857142
214300.7142857143
214248.7142857143
214256.85714285713
214308.0
214377.2857142857
214323.42857142858
214389.42857142858
214300.0
214367.7142857143
214523.57142857142
214453.85714285713
214576.14285714287
214555.2857142857
214632.85714285713
214646.0
214781.0
214933.7142857143
214854.7142857143
214852.57142857142
214906.57142857142
214831.57142857142
214910.14285714287
215084.0
215227.14285714287
215162.42857142858
215402.0
215306.7142857143
215270.14285714287
215268.14285714287
215457.7142857143
215609.2857142857
215448.0
215441.42857142858
215384.42857142858
215607.7142857143
215611.85714285713
215709.42857142858
215707.0
215565.7142857143
215412.2857142857
215745.0
215855.57142857142
215726.2857142857
215786.42857142858
215820.57142857142
216011.42857142858
216164.0
215932.0
215837.0
215818.57142857142
215894.2857142857
215908.14285714287
215901.57142857142
216143.42857142858
216089.57142857142
216310.42857142858
2582032.285714286
216212.85714285713
216412.0
216272.7142857143
216486.42857142858
216567.57142857142
216618.42857142858
216656.2857142857
216726.85714285713
216795.85714285713
216905.57142857142
216981.42857142858
217231.7142857143
217137.14285714287
217154.2857142857
217243.85714285713
217278.7142857143
217176.0
217332.0
217432.42857142858
217482.2857142857
217396.2857142857
217470.42857142858
217620.7142857143
217875.2857142857
217820.14285714287
217787.7142857143
217623.85714285713
217651.14285714287
217895.14285714287
217865.57142857142
217829.14285714287
217905.85714285713
217851.42857142858
218028.85714285713
217949.7142857143
217868.14285714287
218017.14285714287
218235.0
218196.2857142857
218427.2857142857
218306.7142857143
218503.14285714287
218314.57142857142
218479.7142857143
218412.7142857143
218662.57142857142
218549.0
218556.2857142857
218556.2857142857
218546.0
218600.7142857143
218572.7142857143
218769.42857142858
218772.0
218667.85714285713
218707.42857142858
218787.0
218774.7142857143
218833.2857142857
218788.14285714287
218846.57142857142
218770.0
218891.0
218886.57142857142
218877.85714285713
218811.57142857142
218759.14285714287
218844.57142857142
218696.85714285713
218978.57142857142
218873.57142857142
218793.14285714287
218813.0
218803.7142857143
218804.2857142857
218716.85714285713
218667.14285714287
218669.42857142858
218575.0
218603.0
218620.2857142857
218527.42857142858
218652.42857142858
218461.2857142857
218538.42857142858
218459.42857142858
218485.85714285713
218322.42857142858
218518.2857142857
218327.7142857143
218288.57142857142
218278.0
218274.85714285713
218485.57142857142
218212.0
218165.85714285713
218333.0
218337.0
218319.0
218187.0
218165.7142857143
218043.42857142858
217965.42857142858
217936.7142857143
217870.0
217870.57142857142
217835.2857142857
217806.0
217792.42857142858
217692.0
217624.14285714287
217599.2857142857
217186.7142857143
217334.7142857143
217452.14285714287
217198.57142857142
217213.42857142858
217221.7142857143
217188.42857142858
217212.0
217231.57142857142
217227.14285714287
217177.7142857143
217017.2857142857
217009.42857142858
217034.14285714287
217012.7142857143
216830.0
216694.85714285713
216673.42857142858
216649.0
216674.42857142858
216605.2857142857
216537.14285714287
216363.0
216285.42857142858
216359.14285714287
216361.57142857142
216200.57142857142
216121.42857142858
216173.42857142858
216147.7142857143
216117.2857142857
216075.85714285713
215932.0
215843.7142857143
215784.85714285713
215747.85714285713
215812.85714285713
215834.2857142857
215635.14285714287
215646.57142857142
215608.0
215651.42857142858
215600.85714285713
215416.2857142857
215575.85714285713
215385.85714285713
215465.42857142858
215339.7142857143
215430.2857142857
215267.42857142858
215133.14285714287
215213.57142857142
215261.0
215222.14285714287
215152.14285714287
215108.0
215163.7142857143
215143.2857142857
215046.85714285713
215090.7142857143
215082.57142857142
214947.2857142857
214934.7142857143
214982.14285714287
214887.2857142857
214848.0
214881.42857142858
214735.57142857142
214688.0
214727.7142857143
214784.85714285713
214774.7142857143
214613.0
214654.85714285713
214755.14285714287
214562.57142857142
214697.2857142857
214613.0
214553.2857142857
214585.14285714287
214457.42857142858
214386.2857142857
214416.14285714287
214465.7142857143
214412.7142857143
214453.42857142858
214391.85714285713
214263.0
214225.0
214218.57142857142
214311.7142857143
214341.14285714287
214293.0
214248.2857142857
214380.2857142857
214318.14285714287
214267.57142857142
214228.2857142857
214187.0
214226.85714285713
214219.85714285713
214257.7142857143
214191.0
214196.57142857142
214197.14285714287
214220.85714285713
214174.0
214181.85714285713
214170.0
214127.42857142858
214148.14285714287
214073.2857142857
214150.2857142857
214136.57142857142
214131.42857142858
214144.14285714287
214127.14285714287
214060.85714285713
214119.14285714287
214104.85714285713
214068.2857142857
214031.85714285713
214038.0
214067.14285714287
214004.0
213991.2857142857
214028.0
214034.85714285713
214005.85714285713
2580204.0
214044.14285714287
214051.42857142858
214019.85714285713
214015.85714285713
214054.57142857142
214018.0
213985.2857142857
214006.7142857143
2580187.5714285714
214021.7142857143
214042.2857142857
213996.0
213979.2857142857
213999.57142857142
213968.0
213980.2857142857
213954.42857142858
214000.7142857143
214002.0
213940.42857142858
213958.42857142858
213942.2857142857
213972.2857142857
213967.2857142857
213957.7142857143
213941.0
213919.42857142858
213903.0
213912.0
213928.2857142857
213947.42857142858
213926.0
213899.57142857142
213905.7142857143
213923.2857142857
213888.7142857143
213898.7142857143
213900.14285714287
213940.42857142858
213917.0
213927.85714285713
2580114.0
213906.7142857143
213925.57142857142
213940.14285714287
213909.14285714287
213898.42857142858
213901.2857142857
213899.85714285713
213917.42857142858
213893.57142857142
213906.0
213898.57142857142
213891.42857142858
213894.85714285713
213929.85714285713
213920.42857142858
213874.85714285713
213928.57142857142
213905.0
213875.14285714287
213891.7142857143
213870.7142857143
213919.14285714287
213914.2857142857
213888.14285714287
213871.42857142858
213861.0
213895.0
213878.7142857143
213851.85714285713
213885.85714285713
213867.85714285713
2580065.5714285714
213877.42857142858
213865.14285714287
213866.0
213874.85714285713
213880.7142857143
213872.57142857142
213885.0
213842.42857142858
213849.14285714287
213871.14285714287
213841.57142857142
213843.0
213838.0
213844.7142857143
213834.7142857143
213866.85714285713
213861.2857142857
213843.2857142857
213861.2857142857
213857.0
213842.7142857143
213868.14285714287
213826.7142857143
213847.0
213845.42857142858
213848.42857142858
213879.7142857143
213842.7142857143
213845.2857142857
213832.2857142857
213867.42857142858
213873.42857142858
213842.57142857142
213888.42857142858
213871.85714285713
213842.42857142858
213834.7142857143
213827.85714285713
213854.57142857142
213849.57142857142
213819.85714285713
213852.57142857142
213851.42857142858
213852.14285714287
213857.14285714287
213843.7142857143
213850.57142857142
213876.2857142857
213863.57142857142
213830.42857142858
213847.0
213836.85714285713
213838.57142857142
213857.14285714287
2580048.8571428573
213833.85714285713
213818.14285714287
213828.57142857142
213828.42857142858
213846.7142857143
213838.0
213870.57142857142
213825.7142857143
213828.2857142857
213835.0
2580006.5714285714
213808.57142857142
213799.57142857142
213834.7142857143
213812.85714285713
213804.42857142858
213796.42857142858
2579999.714285714
213782.14285714287
213784.2857142857
213789.7142857143
213792.85714285713
213812.7142857143
213791.7142857143
213772.42857142858
213780.85714285713
213769.7142857143
213775.85714285713
213777.2857142857
213769.42857142858
213778.42857142858
213766.14285714287
213777.42857142858
213795.42857142858
213789.42857142858
213790.2857142857
213815.14285714287
213761.7142857143
213767.7142857143
213796.14285714287
213755.42857142858
213768.42857142858
213758.57142857142
213768.2857142857
213785.14285714287
213760.2857142857
213778.7142857143
213798.14285714287
213774.42857142858
213782.42857142858
213794.85714285713
213793.85714285713
213762.57142857142
213755.42857142858
213757.0
213779.0
213753.0
213767.85714285713
213760.7142857143
213772.14285714287
213763.2857142857
213767.14285714287
213763.7142857143
213767.7142857143
213780.57142857142
213739.42857142858
213784.2857142857
213760.57142857142
213764.0
213760.2857142857
213751.14285714287
213762.0
213743.7142857143
213751.2857142857
213773.7142857143
213767.85714285713
213767.42857142858
213784.2857142857
213789.42857142858
213766.85714285713
213773.7142857143
213740.7142857143
213735.85714285713
213789.2857142857
213783.57142857142
213749.85714285713
213763.57142857142
2579977.0
213775.85714285713
213752.42857142858
2561493.714285714
213744.42857142858
213734.57142857142
213764.42857142858
213737.7142857143
213735.14285714287
213743.2857142857
213751.42857142858
213740.0
213738.57142857142
213745.14285714287
213764.2857142857
213743.0
213745.7142857143
213720.57142857142
213740.0
213758.2857142857
213750.0
213742.85714285713
213726.14285714287
213730.42857142858
213733.2857142857
213714.7142857143
213710.2857142857
213722.0
213749.85714285713
213741.85714285713
213761.14285714287
213739.57142857142
213706.57142857142
213736.2857142857
213736.57142857142
213724.85714285713
213743.0
213723.85714285713
213761.0
213712.0
213754.85714285713
213752.85714285713
213742.14285714287
213737.85714285713
213754.85714285713
213732.2857142857
213739.14285714287
213739.42857142858
213742.14285714287
213751.0
213753.2857142857
213733.2857142857
213731.14285714287
213765.14285714287
213726.2857142857
213719.7142857143
213728.42857142858
2579936.5714285714
213732.2857142857
213735.7142857143
213720.57142857142
213742.42857142858
213733.85714285713
213729.14285714287
213725.7142857143
213746.2857142857
213719.85714285713
213713.2857142857
213711.42857142858
213707.7142857143
213715.7142857143
213722.7142857143
213714.42857142858
213728.2857142857
213703.42857142858
213707.42857142858
213713.7142857143
213701.2857142857
2579936.5714285714
213716.7142857143
213702.57142857142
213718.14285714287
213713.0
213740.42857142858
213718.14285714287
213709.14285714287
213687.7142857143
