213641.0
213657.14285714287
213662.7142857143
213658.14285714287
213650.57142857142
213648.85714285713
213629.42857142858
213667.7142857143
213668.0
213660.42857142858
213653.85714285713
213645.85714285713
213649.2857142857
213685.7142857143
213658.85714285713
213660.57142857142
213634.0
213620.57142857142
213642.7142857143
213631.7142857143
213649.42857142858
213666.2857142857
213629.7142857143
213624.42857142858
213637.14285714287
213649.7142857143
213683.85714285713
213680.7142857143
213645.57142857142
213644.7142857143
213646.57142857142
213631.14285714287
213626.0
213614.2857142857
213641.7142857143
213629.57142857142
213605.0
213586.42857142858
213631.42857142858
213610.7142857143
213587.7142857143
213569.0
213604.7142857143
213593.0
213592.85714285713
213621.14285714287
2579554.285714286
213601.14285714287
213620.2857142857
213607.42857142858
213606.0
213634.42857142858
213600.42857142858
213584.2857142857
213595.7142857143
213615.57142857142
213589.2857142857
213610.7142857143
213586.7142857143
213583.2857142857
213595.85714285713
213607.0
213603.14285714287
213589.2857142857
213591.42857142858
213590.7142857143
213591.2857142857
213579.2857142857
213548.2857142857
213564.14285714287
213588.85714285713
213584.0
213552.14285714287
213586.2857142857
213569.7142857143
213556.85714285713
213558.2857142857
213554.2857142857
213569.57142857142
213559.7142857143
213572.2857142857
213556.2857142857
213579.2857142857
213545.57142857142
213589.7142857143
213567.57142857142
213567.2857142857
213558.7142857143
213594.85714285713
213555.2857142857
213556.7142857143
213543.42857142858
213542.7142857143
213582.2857142857
213549.42857142858
213551.0
213570.7142857143
213562.14285714287
213592.85714285713
213571.14285714287
213573.14285714287
213572.85714285713
213549.57142857142
213565.42857142858
213583.7142857143
213597.42857142858
213584.42857142858
213576.85714285713
213569.7142857143
213573.14285714287
213592.0
213585.85714285713
213600.85714285713
213604.7142857143
213579.42857142858
213564.57142857142
213568.7142857143
213602.57142857142
213545.57142857142
213583.42857142858
213579.42857142858
213561.7142857143
213549.57142857142
213562.2857142857
213559.14285714287
213589.57142857142
213602.0
213589.0
213569.7142857143
213568.14285714287
213574.85714285713
213565.2857142857
213566.57142857142
213553.7142857143
213539.14285714287
1396649.2857142857
213542.42857142858
213524.57142857142
213555.7142857143
213568.0
213541.14285714287
213558.42857142858
213553.42857142858
213562.57142857142
213529.42857142858
213555.0
213550.7142857143
213555.0
213552.2857142857
213566.7142857143
213591.42857142858
213561.7142857143
213576.42857142858
213551.42857142858
213541.2857142857
213561.7142857143
213572.2857142857
213559.42857142858
2579761.5714285714
2579787.8571428573
213529.0
213570.7142857143
213561.7142857143
213562.85714285713
213526.57142857142
213566.14285714287
213572.85714285713
213566.7142857143
213535.57142857142
213555.57142857142
213545.7142857143
213574.0
213561.85714285713
213567.0
213545.42857142858
213579.7142857143
213611.14285714287
213564.42857142858
213574.57142857142
213576.85714285713
213602.14285714287
213589.57142857142
213599.57142857142
213596.42857142858
213596.2857142857
213567.0
213590.57142857142
213564.42857142858
213558.42857142858
213599.0
213618.42857142858
213642.7142857143
213588.0
213605.0
213650.42857142858
213635.42857142858
213589.7142857143
213580.7142857143
213610.7142857143
213586.14285714287
213589.7142857143
213597.14285714287
213594.14285714287
213590.57142857142
213598.57142857142
213628.57142857142
213615.57142857142
213599.57142857142
213602.14285714287
213567.85714285713
213616.14285714287
213622.14285714287
213600.7142857143
213608.14285714287
213607.14285714287
213624.42857142858
213585.42857142858
213608.14285714287
213584.57142857142
213601.14285714287
213610.7142857143
213629.0
213601.0
213633.7142857143
213620.42857142858
213606.42857142858
213594.42857142858
213631.0
213618.14285714287
213661.42857142858
213643.85714285713
213662.85714285713
213625.0
213590.14285714287
213639.85714285713
213604.85714285713
213606.14285714287
213588.7142857143
213648.7142857143
213606.42857142858
213624.42857142858
213636.42857142858
213623.42857142858
213634.7142857143
213627.0
213618.42857142858
213630.42857142858
213629.85714285713
213665.85714285713
213615.42857142858
213650.0
213653.7142857143
213643.42857142858
213629.2857142857
213686.85714285713
213659.14285714287
213646.2857142857
213674.7142857143
213682.42857142858
213651.7142857143
213647.42857142858
213673.7142857143
213636.2857142857
213653.2857142857
213637.85714285713
213676.42857142858
213676.14285714287
213659.14285714287
213692.42857142858
213663.14285714287
213670.42857142858
213666.0
213759.42857142858
213698.85714285713
213682.42857142858
213675.85714285713
213655.14285714287
213668.57142857142
213664.14285714287
213685.2857142857
213667.7142857143
213691.14285714287
213688.42857142858
213702.2857142857
213737.57142857142
213701.14285714287
213723.14285714287
213683.85714285713
213694.57142857142
213716.85714285713
213702.85714285713
213746.0
213708.42857142858
213736.42857142858
213718.2857142857
213692.57142857142
213766.42857142858
213798.42857142858
213726.7142857143
213728.7142857143
213739.14285714287
213753.14285714287
213792.0
213828.42857142858
213775.57142857142
213786.0
213781.85714285713
213809.42857142858
213804.2857142857
213797.2857142857
213797.7142857143
213792.57142857142
213810.7142857143
213825.7142857143
213843.14285714287
213872.85714285713
213825.0
213799.57142857142
213798.42857142858
213786.14285714287
213748.42857142858
213830.42857142858
213787.0
213863.7142857143
213836.7142857143
213890.0
213886.57142857142
213907.85714285713
213863.42857142858
213885.57142857142
213896.2857142857
213870.85714285713
213914.14285714287
213974.2857142857
213989.85714285713
213947.7142857143
214000.57142857142
214047.2857142857
213972.57142857142
213989.42857142858
213939.57142857142
214053.0
214017.57142857142
214099.0
214066.0
213973.14285714287
214128.42857142858
214123.85714285713
214150.42857142858
214185.14285714287
214135.7142857143
214137.7142857143
214249.0
214226.85714285713
214166.42857142858
214218.7142857143
214225.57142857142
214126.57142857142
214202.57142857142
214256.14285714287
214213.7142857143
214186.14285714287
214231.7142857143
214349.42857142858
214321.14285714287
214296.42857142858
214338.57142857142
214320.0
214333.42857142858
214354.2857142857
214449.2857142857
214365.85714285713
214363.7142857143
214463.0
214427.2857142857
214490.57142857142
214479.57142857142
214541.85714285713
214550.14285714287
214456.14285714287
214599.2857142857
214609.0
214632.85714285713
214706.0
214590.2857142857
214777.42857142858
214674.2857142857
214629.42857142858
214698.2857142857
214579.2857142857
214627.42857142858
214672.42857142858
214639.2857142857
214775.0
214777.2857142857
214775.85714285713
214761.0
214899.85714285713
214751.2857142857
214865.7142857143
214821.0
214942.2857142857
214952.0
214999.14285714287
215016.57142857142
215183.0
215137.85714285713
215221.85714285713
215253.2857142857
215327.7142857143
215282.7142857143
215225.14285714287
215342.0
215323.42857142858
215269.42857142858
215327.14285714287
215509.57142857142
215492.7142857143
215451.14285714287
215598.42857142858
215444.2857142857
215427.57142857142
215517.57142857142
215564.7142857143
215619.14285714287
215561.85714285713
215703.85714285713
215813.0
215834.7142857143
215745.14285714287
215819.0
215879.2857142857
215928.0
215994.2857142857
215980.0
215866.0
2581733.5714285714
215627.2857142857
215697.85714285713
215795.57142857142
2581844.4285714286
216017.0
215977.0
216108.57142857142
216101.2857142857
216159.0
216222.2857142857
216280.14285714287
216211.85714285713
216361.85714285713
216447.14285714287
216440.85714285713
216511.42857142858
216560.0
216469.7142857143
216543.42857142858
216480.0
216541.42857142858
216526.7142857143
216766.2857142857
216736.85714285713
216834.2857142857
216668.14285714287
216731.14285714287
216759.7142857143
216716.7142857143
216839.57142857142
216872.14285714287
216932.2857142857
216932.42857142858
216932.42857142858
216816.85714285713
216923.42857142858
216914.42857142858
216844.2857142857
217166.7142857143
217159.85714285713
217163.42857142858
217139.14285714287
217231.2857142857
217080.7142857143
217283.0
217256.14285714287
217356.7142857143
217283.42857142858
217383.57142857142
217340.0
217353.85714285713
217345.85714285713
217424.0
217484.0
217432.0
217278.85714285713
217406.57142857142
217530.0
217469.57142857142
217490.7142857143
217548.85714285713
217554.7142857143
217577.14285714287
217475.2857142857
217555.57142857142
217541.14285714287
217697.0
217694.85714285713
217637.57142857142
217557.42857142858
217499.85714285713
217623.7142857143
217594.7142857143
217674.0
217584.2857142857
217549.85714285713
217481.57142857142
217626.2857142857
217634.0
217646.57142857142
217566.7142857143
217540.2857142857
217500.2857142857
217714.42857142858
217380.7142857143
217503.0
217428.7142857143
217379.2857142857
217445.7142857143
217507.7142857143
217394.7142857143
217294.14285714287
217327.0
217339.57142857142
217332.0
217336.2857142857
217142.7142857143
217138.57142857142
217118.7142857143
217074.2857142857
217201.42857142858
217231.14285714287
217264.57142857142
217136.42857142858
217168.57142857142
217096.42857142858
216971.42857142858
217008.14285714287
216975.57142857142
216950.57142857142
216938.85714285713
216889.7142857143
216995.0
216919.7142857143
216844.42857142858
216598.85714285713
216781.85714285713
216746.42857142858
216653.85714285713
216750.57142857142
216787.0
216795.2857142857
216762.57142857142
216740.57142857142
216633.85714285713
216684.7142857143
216589.2857142857
216323.0
216248.0
216246.2857142857
216150.85714285713
216173.85714285713
216119.14285714287
216102.0
216087.57142857142
216118.14285714287
216102.42857142858
216086.85714285713
216229.57142857142
215941.2857142857
215869.2857142857
215850.7142857143
215921.14285714287
215949.42857142858
215680.57142857142
215863.14285714287
215768.57142857142
215771.7142857143
215752.42857142858
215661.0
215661.0
215623.57142857142
215662.85714285713
215730.42857142858
215709.2857142857
215654.2857142857
215740.7142857143
215636.2857142857
215580.57142857142
215435.85714285713
215467.7142857143
215471.85714285713
215409.57142857142
215327.2857142857
215348.2857142857
215219.0
215105.42857142858
215182.2857142857
215159.14285714287
215030.2857142857
215265.0
215188.42857142858
215364.57142857142
215362.0
215211.57142857142
215148.14285714287
215167.7142857143
214950.2857142857
214914.85714285713
214920.14285714287
214841.2857142857
214782.2857142857
214726.14285714287
214643.42857142858
214846.85714285713
214650.2857142857
214671.85714285713
214633.7142857143
214561.42857142858
214444.2857142857
214583.42857142858
214548.42857142858
214475.42857142858
214571.0
214461.14285714287
214444.7142857143
214327.0
214495.42857142858
214476.7142857143
214433.7142857143
214478.14285714287
214354.42857142858
214290.85714285713
214239.57142857142
214208.2857142857
214177.85714285713
214092.0
214175.14285714287
214311.14285714287
214455.85714285713
214310.0
2580392.714285714
214249.57142857142
214068.42857142858
214025.7142857143
214045.0
214149.42857142858
214160.2857142857
214135.85714285713
214129.57142857142
213990.2857142857
214049.57142857142
214127.85714285713
214000.42857142858
214072.2857142857
214106.57142857142
214038.57142857142
214010.85714285713
214052.85714285713
214114.2857142857
214018.2857142857
213886.7142857143
213947.57142857142
213893.2857142857
213923.7142857143
213960.85714285713
213907.7142857143
213915.42857142858
213868.0
213777.42857142858
213723.7142857143
213774.0
213760.57142857142
213715.2857142857
213775.57142857142
213640.14285714287
213616.14285714287
213677.57142857142
213626.57142857142
213642.57142857142
2579877.4285714286
213625.7142857143
213625.0
213641.57142857142
213636.57142857142
213634.14285714287
213649.85714285713
213643.7142857143
213659.0
213673.14285714287
213741.57142857142
213670.7142857143
213641.57142857142
213636.57142857142
213651.57142857142
213522.57142857142
213538.2857142857
213487.14285714287
213542.14285714287
213549.0
213526.14285714287
213449.57142857142
213524.14285714287
213574.14285714287
213532.85714285713
213554.57142857142
213532.57142857142
213601.57142857142
213562.2857142857
213528.2857142857
213514.57142857142
213546.7142857143
213548.42857142858
213509.14285714287
213515.57142857142
213473.0
213435.14285714287
213452.2857142857
213451.0
213465.2857142857
213454.2857142857
213443.0
213444.14285714287
213428.85714285713
213426.14285714287
213419.42857142858
213451.42857142858
213427.2857142857
213450.85714285713
213450.42857142858
213450.85714285713
213440.2857142857
213451.85714285713
213451.85714285713
213383.0
213407.42857142858
213436.42857142858
213409.42857142858
213368.42857142858
213424.2857142857
213379.14285714287
213351.42857142858
213396.7142857143
213388.85714285713
213352.42857142858
213370.57142857142
213346.14285714287
213370.85714285713
213334.57142857142
213381.0
213394.57142857142
213422.7142857143
213366.14285714287
213404.85714285713
213384.14285714287
2579647.0
213357.42857142858
213311.7142857143
213390.85714285713
213393.2857142857
213327.2857142857
213324.57142857142
213370.57142857142
213342.7142857143
213299.14285714287
213359.42857142858
213371.57142857142
213333.2857142857
213333.85714285713
213352.42857142858
213345.7142857143
213331.0
213343.14285714287
213363.14285714287
213348.85714285713
213346.57142857142
213326.42857142858
213312.14285714287
213328.2857142857
213303.2857142857
2579598.285714286
213297.42857142858
213326.7142857143
213349.42857142858
213342.7142857143
213327.14285714287
213335.7142857143
213329.42857142858
213316.42857142858
213290.7142857143
213276.7142857143
213300.57142857142
213325.7142857143
213287.57142857142
213317.42857142858
213303.42857142858
213332.57142857142
2579577.4285714286
213317.0
213271.7142857143
213299.14285714287
213278.14285714287
213281.14285714287
213282.57142857142
213278.7142857143
213297.42857142858
213263.85714285713
213308.14285714287
213265.7142857143
213293.57142857142
213316.42857142858
213279.42857142858
213266.85714285713
213302.57142857142
213271.7142857143
213264.7142857143
213307.2857142857
213281.57142857142
213279.2857142857
213280.57142857142
213291.7142857143
213302.2857142857
213270.42857142858
213276.0
213254.57142857142
213270.2857142857
213295.57142857142
213260.57142857142
213308.42857142858
213277.42857142858
2579572.714285714
213282.85714285713
213274.42857142858
213271.85714285713
213286.0
213267.0
213265.7142857143
213258.7142857143
213246.57142857142
213294.57142857142
213269.42857142858
213235.85714285713
213255.57142857142
213277.14285714287
213311.42857142858
213278.57142857142
213277.85714285713
213278.0
213276.7142857143
213260.85714285713
213234.85714285713
213258.14285714287
213270.2857142857
213254.85714285713
2579554.8571428573
213253.85714285713
213239.2857142857
213235.85714285713
213235.7142857143
213231.2857142857
213239.0
213246.14285714287
213227.7142857143
213248.7142857143
213229.2857142857
213234.85714285713
213216.0
213255.0
213248.7142857143
213248.57142857142
213225.14285714287
213202.14285714287
213240.0
213215.2857142857
213234.0
213230.42857142858
213233.85714285713
213221.14285714287
213255.85714285713
213244.14285714287
213254.42857142858
213234.14285714287
213221.85714285713
213246.0
213236.14285714287
213223.0
213253.57142857142
213239.42857142858
213247.57142857142
213226.57142857142
213233.42857142858
213237.85714285713
213199.85714285713
