213153.2857142857
213157.7142857143
213137.0
213161.2857142857
213166.42857142858
213145.14285714287
213158.57142857142
213168.42857142858
213163.0
213141.2857142857
213149.2857142857
213165.42857142858
213170.2857142857
213161.42857142858
213161.2857142857
213168.2857142857
213162.57142857142
213200.57142857142
213160.2857142857
213176.42857142858
213183.57142857142
213199.14285714287
213171.85714285713
213181.85714285713
213189.57142857142
213176.42857142858
213167.2857142857
213182.0
2579476.285714286
213188.2857142857
213170.14285714287
213184.42857142858
213184.0
213199.42857142858
213200.0
213180.7142857143
213193.57142857142
213208.14285714287
213181.85714285713
213189.7142857143
213207.0
213201.7142857143
213181.42857142858
213213.14285714287
213207.7142857143
213206.0
213207.42857142858
213209.0
213187.7142857143
213223.0
213184.57142857142
213168.14285714287
213213.0
213211.2857142857
213164.85714285713
213226.14285714287
213200.0
213188.2857142857
213190.2857142857
213188.2857142857
213183.85714285713
213175.2857142857
213207.2857142857
213199.85714285713
213178.7142857143
213189.2857142857
213186.0
2579460.5714285714
213180.85714285713
213199.42857142858
213212.57142857142
213184.14285714287
213200.42857142858
213218.85714285713
213197.42857142858
213182.2857142857
213194.2857142857
213192.42857142858
213205.42857142858
213223.7142857143
213227.0
213232.42857142858
213175.14285714287
213204.7142857143
213213.2857142857
213218.0
213197.57142857142
213184.42857142858
213194.14285714287
213218.0
213194.42857142858
213201.7142857143
213212.42857142858
213194.2857142857
213200.2857142857
213195.85714285713
213190.0
213182.14285714287
213205.57142857142
213204.14285714287
213182.42857142858
213242.57142857142
213185.7142857143
213172.2857142857
213206.2857142857
213185.2857142857
213185.57142857142
213201.2857142857
213238.42857142858
213170.14285714287
213222.2857142857
213250.14285714287
213203.14285714287
213237.0
213221.57142857142
213209.2857142857
213242.0
213191.0
213212.2857142857
213189.14285714287
213212.42857142858
213230.7142857143
213254.7142857143
213207.14285714287
213209.57142857142
213239.42857142858
213253.57142857142
213214.0
213235.85714285713
213215.57142857142
213266.85714285713
213214.7142857143
2579505.1428571427
213230.57142857142
2579468.0
213209.0
213210.14285714287
213199.42857142858
213202.57142857142
213203.14285714287
213218.85714285713
213216.2857142857
213170.85714285713
213240.14285714287
213234.2857142857
213199.0
213236.2857142857
213197.14285714287
213233.7142857143
213230.7142857143
213190.2857142857
213157.57142857142
213195.42857142858
213239.85714285713
213190.2857142857
213224.7142857143
213229.85714285713
213202.2857142857
213218.0
213227.57142857142
213238.85714285713
213237.2857142857
213206.2857142857
213209.14285714287
213241.14285714287
213232.42857142858
213191.42857142858
213207.42857142858
213249.42857142858
213277.2857142857
213228.14285714287
213293.42857142858
213228.2857142857
213204.2857142857
213229.85714285713
213245.14285714287
213236.85714285713
213242.42857142858
213243.7142857143
213244.2857142857
213254.7142857143
213235.2857142857
213216.85714285713
213327.14285714287
213284.7142857143
213278.14285714287
213245.85714285713
213250.0
213233.57142857142
213231.57142857142
213248.0
213254.85714285713
213258.85714285713
213230.2857142857
213246.85714285713
213312.42857142858
213237.85714285713
213287.7142857143
213335.85714285713
213310.14285714287
213339.85714285713
213290.42857142858
213282.57142857142
213310.14285714287
213259.0
213234.42857142858
213306.2857142857
213237.85714285713
213307.7142857143
213317.57142857142
213286.7142857143
213305.14285714287
213357.7142857143
213442.2857142857
213398.14285714287
213390.85714285713
213410.42857142858
213322.57142857142
213386.2857142857
213404.14285714287
213449.14285714287
213406.2857142857
213440.85714285713
213377.0
213368.7142857143
213410.42857142858
213435.14285714287
213361.42857142858
213355.0
213457.0
213478.2857142857
213479.14285714287
213433.57142857142
213497.14285714287
213461.7142857143
213520.0
213532.57142857142
213567.0
213458.57142857142
213504.2857142857
213510.14285714287
213532.42857142858
213568.2857142857
213529.85714285713
213342.7142857143
213488.85714285713
213478.57142857142
213522.2857142857
213519.7142857143
213593.0
2579845.1428571427
213596.42857142858
213561.7142857143
213605.2857142857
213730.42857142858
213749.57142857142
213791.57142857142
213650.85714285713
213731.85714285713
213734.14285714287
213718.0
213633.0
213720.57142857142
213768.85714285713
213640.57142857142
213817.85714285713
213819.85714285713
213830.14285714287
2561440.8571428573
213851.85714285713
213887.7142857143
213726.14285714287
213807.0
213896.0
213891.42857142858
213911.57142857142
213751.42857142858
213848.2857142857
214014.7142857143
214027.42857142858
214107.7142857143
214181.57142857142
214209.14285714287
214166.57142857142
214142.7142857143
214216.2857142857
214223.85714285713
214191.85714285713
214217.14285714287
214186.7142857143
214102.2857142857
214160.2857142857
214107.0
213975.85714285713
214002.85714285713
214080.85714285713
214159.0
214278.42857142858
214213.85714285713
214120.42857142858
214210.42857142858
214216.0
214321.14285714287
214383.2857142857
214375.2857142857
214400.0
214314.14285714287
214241.0
214412.42857142858
214574.2857142857
214543.0
214592.14285714287
214382.85714285713
214388.85714285713
214414.14285714287
214409.0
214428.7142857143
214471.14285714287
214477.2857142857
214603.85714285713
214712.42857142858
214577.42857142858
214695.57142857142
214649.85714285713
214558.57142857142
214608.57142857142
214694.57142857142
214632.57142857142
214772.57142857142
214722.57142857142
214840.2857142857
214820.14285714287
214843.7142857143
214871.85714285713
214808.85714285713
214948.42857142858
215061.57142857142
215031.0
214947.85714285713
215021.57142857142
215083.85714285713
215121.42857142858
215098.14285714287
215139.0
215328.42857142858
215081.85714285713
215283.42857142858
215276.7142857143
215331.42857142858
215242.85714285713
215352.57142857142
215350.85714285713
215265.42857142858
215268.7142857143
215424.0
215282.2857142857
215371.0
215368.0
215453.14285714287
215501.85714285713
215467.42857142858
215522.85714285713
215506.7142857143
215499.14285714287
215683.14285714287
215524.42857142858
215695.0
215634.14285714287
215812.42857142858
215860.7142857143
215618.57142857142
215653.2857142857
215678.42857142858
215784.14285714287
215824.7142857143
215840.2857142857
215759.42857142858
215871.42857142858
215875.85714285713
216038.0
215905.7142857143
216036.85714285713
215914.42857142858
216082.14285714287
216070.7142857143
215927.0
216126.2857142857
216112.2857142857
216094.14285714287
216198.0
216164.57142857142
216070.42857142858
216138.42857142858
216127.57142857142
216144.85714285713
216142.42857142858
216078.42857142858
2581989.1428571427
216082.7142857143
216217.42857142858
216199.85714285713
216193.2857142857
216219.42857142858
216351.2857142857
216269.7142857143
216230.7142857143
216251.42857142858
216268.85714285713
216312.42857142858
216304.57142857142
216276.0
216282.0
216276.7142857143
216282.2857142857
216315.57142857142
216234.7142857143
216286.85714285713
216250.7142857143
216237.2857142857
216330.85714285713
216310.0
216320.14285714287
216304.2857142857
2582082.714285714
216294.7142857143
216301.85714285713
216419.14285714287
216211.85714285713
216195.0
216261.85714285713
216232.2857142857
216279.14285714287
216152.42857142858
216270.42857142858
216110.7142857143
216273.2857142857
216197.2857142857
216209.0
216225.7142857143
216356.57142857142
216201.57142857142
216186.85714285713
216209.42857142858
216161.57142857142
216121.85714285713
216121.42857142858
216190.2857142857
216042.14285714287
215970.57142857142
215957.57142857142
215876.14285714287
215847.7142857143
215727.14285714287
215839.0
215785.14285714287
215882.14285714287
215857.0
215908.42857142858
215881.7142857143
215826.85714285713
215681.7142857143
215812.85714285713
215668.14285714287
215615.14285714287
215656.2857142857
215543.57142857142
215562.0
215679.42857142858
215441.42857142858
215395.0
215405.0
215372.7142857143
215567.85714285713
215619.14285714287
215475.57142857142
215494.42857142858
215402.0
215502.0
215406.7142857143
215419.57142857142
215275.7142857143
215211.85714285713
215229.2857142857
215215.85714285713
214962.57142857142
215058.42857142858
214942.57142857142
215215.57142857142
215035.7142857143
215014.85714285713
215077.57142857142
215063.85714285713
214917.7142857143
215070.2857142857
214871.7142857143
214856.14285714287
2580843.714285714
214790.42857142858
214808.0
214857.85714285713
214793.14285714287
214885.42857142858
214743.42857142858
214702.42857142858
214669.7142857143
214611.14285714287
214568.7142857143
214452.2857142857
214455.85714285713
214451.7142857143
214445.85714285713
214595.85714285713
214599.57142857142
214514.14285714287
214519.57142857142
214532.2857142857
214571.0
214601.2857142857
214527.0
214516.85714285713
214516.0
214403.7142857143
214298.85714285713
214339.14285714287
214310.85714285713
214320.57142857142
214374.57142857142
214360.85714285713
214428.0
214340.85714285713
214326.2857142857
214204.42857142858
214326.7142857143
214152.2857142857
214200.2857142857
214018.57142857142
214181.14285714287
213996.7142857143
214123.85714285713
214117.42857142858
214128.57142857142
214038.7142857143
214111.57142857142
214000.42857142858
213962.57142857142
2580169.4285714286
213912.85714285713
213934.0
213820.57142857142
213862.2857142857
213889.42857142858
213891.7142857143
213888.85714285713
213917.2857142857
213867.2857142857
213782.0
213871.42857142858
213766.85714285713
213631.14285714287
213807.85714285713
213691.42857142858
213676.0
213609.85714285713
213722.0
213689.57142857142
213746.57142857142
213703.42857142858
213649.0
213634.42857142858
213601.14285714287
213505.2857142857
213610.42857142858
213567.85714285713
213618.57142857142
213606.57142857142
213485.57142857142
213547.2857142857
213436.85714285713
213469.7142857143
213581.85714285713
213505.85714285713
213582.0
213453.7142857143
213537.42857142858
213431.0
213395.2857142857
213461.7142857143
213387.2857142857
213388.7142857143
213375.0
213418.57142857142
213430.7142857143
213377.0
213328.7142857143
213453.14285714287
2579689.8571428573
213417.57142857142
213458.7142857143
213438.0
213360.42857142858
213316.14285714287
213278.14285714287
213266.42857142858
213294.57142857142
213256.42857142858
213250.85714285713
213210.0
213273.0
213277.7142857143
213269.0
213319.2857142857
213253.0
213287.57142857142
213280.7142857143
213286.14285714287
213278.14285714287
213248.85714285713
213230.0
213212.0
213201.2857142857
213210.85714285713
213216.57142857142
213190.0
213245.57142857142
213174.2857142857
213239.2857142857
213182.0
213158.2857142857
213190.85714285713
213161.2857142857
213171.14285714287
213129.2857142857
213123.85714285713
213135.42857142858
213134.7142857143
213115.2857142857
213155.2857142857
213154.85714285713
213155.57142857142
213184.42857142858
213134.2857142857
213145.7142857143
213143.0
213163.0
213132.42857142858
213128.14285714287
213118.2857142857
213122.0
213123.42857142858
213096.85714285713
213137.0
213073.14285714287
213113.7142857143
213127.2857142857
213087.57142857142
213082.85714285713
213078.0
213101.42857142858
213087.85714285713
213097.7142857143
213092.57142857142
213065.85714285713
213116.2857142857
213112.57142857142
213092.7142857143
213082.7142857143
213094.42857142858
213101.2857142857
213085.14285714287
213097.57142857142
213065.0
213059.85714285713
213095.7142857143
213066.2857142857
2579360.1428571427
213042.57142857142
213067.2857142857
213077.2857142857
213080.85714285713
213079.85714285713
213060.85714285713
213037.85714285713
213060.2857142857
213063.57142857142
213057.85714285713
213044.57142857142
213046.42857142858
213066.0
213062.0
213090.0
213039.7142857143
213074.7142857143
213060.85714285713
213061.7142857143
213043.14285714287
213029.2857142857
213060.7142857143
213027.2857142857
213032.57142857142
213058.0
213046.57142857142
213052.0
213025.42857142858
213034.2857142857
213044.42857142858
2579325.1428571427
213024.0
213048.85714285713
213037.7142857143
213048.85714285713
213024.0
213006.85714285713
213041.2857142857
213016.57142857142
213004.57142857142
213012.7142857143
213034.42857142858
213035.14285714287
213031.0
213026.14285714287
213035.14285714287
213021.57142857142
213037.14285714287
213020.2857142857
213042.57142857142
213037.0
213042.57142857142
213053.42857142858
213032.14285714287
213005.57142857142
213033.2857142857
213042.85714285713
213014.57142857142
213035.14285714287
213023.7142857143
213009.57142857142
213041.14285714287
213027.57142857142
213025.57142857142
213002.14285714287
213020.85714285713
213024.0
213037.57142857142
212993.0
213048.42857142858
213011.42857142858
213023.2857142857
213030.57142857142
213031.85714285713
213013.2857142857
213029.57142857142
213012.0
213044.7142857143
213009.2857142857
213005.2857142857
213003.85714285713
212999.7142857143
213002.85714285713
212988.14285714287
213028.0
212991.57142857142
213009.0
212959.7142857143
213028.57142857142
212991.7142857143
213038.7142857143
213020.85714285713
213024.0
213037.42857142858
213015.14285714287
213026.57142857142
213003.7142857143
212983.2857142857
212998.7142857143
212997.2857142857
213028.2857142857
212997.2857142857
213009.42857142858
213018.7142857143
213010.85714285713
213008.85714285713
213035.85714285713
213024.7142857143
213001.7142857143
213015.57142857142
213000.14285714287
213003.7142857143
213019.57142857142
213024.14285714287
213036.2857142857
212983.14285714287
212994.7142857143
212986.14285714287
213001.57142857142
213011.0
212992.42857142858
213017.85714285713
212993.14285714287
213004.0
213008.0
213017.85714285713
213017.7142857143
212999.2857142857
213009.2857142857
213017.2857142857
212988.2857142857
213035.7142857143
213031.7142857143
213047.14285714287
213036.57142857142
213010.14285714287
213030.2857142857
213026.85714285713
213022.0
213023.7142857143
213023.0
213018.57142857142
213039.42857142858
213007.85714285713
213012.7142857143
213024.57142857142
212986.7142857143
213010.0
213014.14285714287
213013.57142857142
213020.85714285713
213017.85714285713
212979.57142857142
212992.14285714287
213005.85714285713
213004.57142857142
212994.7142857143
212983.2857142857
213009.57142857142
212996.57142857142
212991.42857142858
212997.2857142857
213015.2857142857
213020.2857142857
212994.42857142858
213005.7142857143
213025.7142857143
213003.2857142857
213002.57142857142
213002.57142857142
212995.7142857143
213000.42857142858
212999.2857142857
212993.7142857143
212975.57142857142
212984.57142857142
212992.2857142857
212994.7142857143
212971.14285714287
212987.14285714287
213002.14285714287
213013.57142857142
213000.42857142858
212977.85714285713
212996.0
212994.0
212983.14285714287
213014.42857142858
212997.0
212983.85714285713
212985.2857142857
213003.57142857142
212996.0
212986.14285714287
212986.0
212988.57142857142
212976.85714285713
213011.85714285713
212986.14285714287
212985.0
212973.14285714287
212957.14285714287
212978.42857142858
212962.57142857142
212981.2857142857
212984.14285714287
212980.2857142857
212988.7142857143
2579296.714285714
212986.85714285713
212990.57142857142
212982.0
212968.14285714287
212988.57142857142
212979.2857142857
212994.2857142857
212995.14285714287
212962.85714285713
212974.7142857143
212960.42857142858
212973.7142857143
212988.42857142858
212997.0
212981.0
212989.42857142858
