212432
212482
212484
212458
212432
212459
212424
212426
212498
212444
212452
212417
212444
212477
212447
212437
212448
212463
212485
212476
212506
212407
212444
212448
212426
212497
212456
212523
212476
212442
212392
212404
212442
212386
212459
212468
212417
212394
212460
212451
212461
212448
212447
212474
212412
212434
212379
212442
212462
212498
212414
212427
212448
212470
212466
212357
212432
212401
212367
212436
212397
212369
212381
212418
212444
212412
212433
212408
212415
212456
212432
212443
212434
212436
212412
212410
212423
212365
212427
212378
212358
212398
212389
212368
212404
212372
212447
212388
212393
212432
212359
212388
212411
212428
212406
212437
212397
212358
212391
212393
212390
212448
212364
212404
212366
212372
212374
212387
212351
212376
212406
212387
212372
212353
212399
212378
212407
212375
212393
212342
212358
212359
212358
212431
212400
212354
212394
212341
212429
212452
212378
212344
212368
212429
212388
212419
212417
212394
212363
212361
212399
212392
212411
212328
212366
212399
212444
212389
212362
212412
212428
212374
212348
212447
212382
212380
212451
212432
212398
212394
212383
212396
212398
212371
212338
212401
212401
212340
212332
212380
212401
212365
212384
212364
212372
212343
212324
212385
212422
212401
212384
212408
212399
212334
212395
212369
212407
212377
212418
212349
212348
212413
212365
212380
212417
212436
212363
212387
212294
212329
212428
212396
212355
212358
212360
212379
212309
212326
212343
212389
212342
212317
212357
212363
212345
212345
212341
212374
212411
212343
212399
212386
212357
212395
212385
212363
212285
212405
212396
212329
212365
212353
212371
212346
212353
212376
212374
212364
212316
212315
212321
212378
212392
212383
212344
212432
212362
212339
212346
212321
212330
212372
212351
212363
212306
212401
212333
212377
212305
212288
212396
212369
212378
212347
212341
212312
212312
212349
212348
212352
212325
212346
212370
212313
212339
212350
212369
212378
212392
212332
212290
212309
212385
212298
212367
212365
212345
212376
212306
212341
212302
212303
212335
212346
212297
212313
212310
212353
212284
212327
212328
212284
212389
212350
212392
212307
212325
212377
212356
212351
212317
212312
212360
212338
212317
212287
212321
212303
212347
212348
212375
212287
212319
212344
212283
212305
212360
212322
212289
212342
212335
212350
212315
212310
212319
212361
212376
212302
212323
212309
212244
212318
212308
212350
212301
212315
212305
212304
212345
212331
212337
212304
212379
212312
212325
212329
212303
212298
212354
212370
212283
212318
212324
212278
212318
212301
212344
212365
212349
212324
212293
212368
212319
212414
212352
212294
212362
212314
212335
212329
212309
212399
212318
212414
212309
212306
212325
212266
212327
212306
212319
212306
212322
212322
212337
212333
212319
212350
212319
212311
212317
212322
212323
212330
212290
212385
212315
212317
212351
212265
212324
212342
212325
212247
212371
212342
212339
212302
212336
212312
212370
212357
212354
212402
212276
212363
212333
212335
212307
212321
212272
212302
212332
212311
212320
212299
212373
212297
212340
212324
212238
212300
212286
212353
212409
212290
212350
212316
212338
212300
212413
212343
212296
212300
212347
212340
212335
212349
212312
212357
212303
212314
212325
212364
212244
212319
212358
212341
212278
212300
212358
212308
212366
212335
212324
212343
212305
212284
212340
212319
212325
212352
212331
212314
212355
212288
212306
212278
212304
212318
212379
212349
212334
212371
212260
212339
212320
212293
212311
212328
212303
212306
212345
212282
212303
212331
212305
212351
212287
212363
212346
212354
212365
212314
212396
212305
212387
212284
212319
212292
212288
212326
212313
212343
212270
212339
212277
212342
212281
212353
212326
212330
212334
212335
212304
212313
212203
212335
212279
212315
212393
212296
212318
212319
212319
212290
212291
212343
212341
212371
212387
212332
212332
212305
212338
212329
212319
212291
212379
212324
212285
212337
212395
212322
212384
212307
212386
212290
212286
212291
212359
212341
212350
212300
212322
212332
212332
212324
212301
212353
212328
212320
212331
212329
212391
212345
212309
212318
212302
212363
212331
212304
212405
212373
212296
212306
212355
212320
212346
212383
212339
212366
212331
212256
212348
212284
212265
212305
212312
212336
212352
212285
212366
212319
212319
212347
212308
212270
212255
212280
212338
212354
212317
212281
212308
212311
212269
212316
212296
212323
212366
212291
212249
212228
212278
212239
212257
212326
212304
212306
212307
212264
212243
212237
212284
212353
212279
212240
212269
212297
212307
212362
212246
212293
212280
212259
212311
212335
212265
212315
212304
212296
212312
212284
212354
212376
212336
212288
212275
212312
212295
212254
212321
212330
212339
212273
212271
212276
212340
212306
212270
212258
212342
212320
212292
212332
212278
212313
212302
212258
212340
212279
212288
212261
212310
212245
212270
212329
212297
212324
212258
212326
212308
212273
212337
212302
212348
212346
212279
212368
212263
212286
212308
212292
212312
212278
212299
212251
212330
212276
212287
212239
212306
212311
212298
212303
212301
212335
212337
212292
212332
212325
212241
212321
212302
212290
212397
212280
212301
212308
212348
212292
212274
212346
212277
212282
212344
212343
212340
212310
212302
212310
212274
212334
212326
212270
212324
212254
212354
212277
212292
212284
212246
212310
212363
212308
212308
212251
212320
212253
212333
212264
212332
212321
212252
212299
212349
212310
212270
212269
212178
212303
212330
212303
212359
212321
212264
212279
212312
212248
212271
212304
212322
212276
212332
212292
212340
212309
212296
212297
212303
212293
212305
212278
212263
212296
212250
212303
212286
212283
212255
212264
212292
212257
212271
212334
212272
212263
212290
212338
212319
212358
212275
212331
212352
212309
212304
212328
212279
212331
212310
212293
212308
212312
212257
212280
212255
212267
212264
212260
212312
212265
212274
212297
212321
212287
212267
212315
212273
212227
212294
212291
212349
212261
212317
212310
212264
212241
212245
212267
212276
212287
212287
212272
212260
212267
212331
212239
212292
212284
212210
212281
212272
212287
212221
212359
212285
212362
212285
212249
212284
212314
212280
212242
212267
212235
212271
212243
212288
212303
212208
212285
212300
212294
212161
212277
212253
212265
