213550
213632
214061
214084
214539
214623
214837
214940
215126
215174
215288
215402
215231
215346
215383
215326
215233
215359
215403
215333
215402
215420
215278
215398
215406
215333
215391
215440
215354
215387
215354
215333
215286
215350
215521
215419
215467
215382
215388
215503
215435
215351
215559
215417
215461
215416
215387
215346
215401
215420
215450
215441
215447
215509
215416
215352
215409
215447
215409
215558
215433
215378
215368
215424
215414
215433
215439
215397
215410
215364
215371
215441
215376
215378
215375
215487
215462
215444
215403
215466
215406
215356
215414
215349
215374
215490
215412
215437
215381
215335
215440
215401
215318
215308
215332
215415
215302
215382
215403
215423
215426
215512
215447
215337
215381
215367
215389
215317
215340
215471
215261
215306
215300
215360
215391
215351
215359
215365
215474
215384
215385
215362
215424
215322
215237
215199
215286
215344
215288
215215
215057
215093
214955
214815
214789
214549
214391
214127
213709
213655
213501
213262
